# participant_id	file_id	dilation_radius	dsc
2	3063	0	0.968645
2	3063	1	0.976708
2	3063	2	0.974335
2	3063	3	0.971998
2	3063	4	0.967491
2	6046	0	0.768698
2	6046	1	0.798766
2	6046	2	0.797271
2	6046	3	0.802179
2	6046	4	0.854097
2	8068	0	0.932384
2	8068	1	0.922877
2	8068	2	0.924095
2	8068	3	0.924438
2	8068	4	0.941278
2	12003	0	0.950589
2	12003	1	0.978178
2	12003	2	0.976476
2	12003	3	0.976689
2	12003	4	0.974918
2	16052	0	0.864676
2	16052	1	0.868640
2	16052	2	0.881061
2	16052	3	0.892600
2	16052	4	0.926175
2	41006	0	0.620223
2	41006	1	0.740614
2	41006	2	0.719169
2	41006	3	0.692575
2	41006	4	0.720580
2	41085	0	0.477095
2	41085	1	0.578294
2	41085	2	0.618819
2	41085	3	0.703134
2	41085	4	0.740977
2	41096	0	0.603419
2	41096	1	0.556574
2	41096	2	0.507581
2	41096	3	0.510471
2	41096	4	0.544592
2	43051	0	0.795900
2	43051	1	0.812369
2	43051	2	0.769780
2	43051	3	0.759155
2	43051	4	0.765435
2	51084	0	0.944038
2	51084	1	0.948615
2	51084	2	0.943493
2	51084	3	0.943292
2	51084	4	0.945254
2	64061	0	0.445721
2	64061	1	0.434938
2	64061	2	0.381759
2	64061	3	0.395779
2	64061	4	0.411422
2	69022	0	0.458763
2	69022	1	0.732746
2	69022	2	0.777081
2	69022	3	0.760825
2	69022	4	0.778994
2	70011	0	0.734706
2	70011	1	0.815179
2	70011	2	0.850691
2	70011	3	0.866503
2	70011	4	0.863965
2	70090	0	0.729088
2	70090	1	0.767321
2	70090	2	0.786601
2	70090	3	0.884471
2	70090	4	0.903518
2	100007	0	0.972031
2	100007	1	0.962949
2	100007	2	0.963119
2	100007	3	0.959499
2	100007	4	0.949719
2	100080	0	0.930379
2	100080	1	0.917698
2	100080	2	0.912109
2	100080	3	0.917422
2	100080	4	0.922782
2	103006	0	0.577406
2	103006	1	0.514476
2	103006	2	0.596352
2	103006	3	0.720645
2	103006	4	0.785697
2	103078	0	0.842841
2	103078	1	0.793926
2	103078	2	0.809141
2	103078	3	0.809367
2	103078	4	0.818270
2	105027	0	0.452958
2	105027	1	0.466844
2	105027	2	0.587261
2	105027	3	0.631595
2	105027	4	0.610664
2	135037	0	0.671682
2	135037	1	0.487007
2	135037	2	0.466937
2	135037	3	0.500545
2	135037	4	0.472737
2	173036	0	0.658294
2	173036	1	0.663878
2	173036	2	0.687229
2	173036	3	0.726260
2	173036	4	0.755290
2	209070	0	0.381413
2	209070	1	0.421371
2	209070	2	0.482117
2	209070	3	0.616009
2	209070	4	0.676596
2	236017	0	0.495719
2	236017	1	0.576736
2	236017	2	0.657201
2	236017	3	0.743185
2	236017	4	0.814396
2	268002	0	0.488887
2	268002	1	0.411506
2	268002	2	0.529061
2	268002	3	0.732419
2	268002	4	0.775940
2	326038	0	0.754492
2	326038	1	0.752066
2	326038	2	0.754373
2	326038	3	0.797602
2	326038	4	0.787322
3	3063	0	0.977418
3	3063	1	0.981720
3	3063	2	0.973381
3	3063	3	0.953665
3	3063	4	0.930566
3	6046	0	0.859373
3	6046	1	0.786361
3	6046	2	0.823934
3	6046	3	0.865126
3	6046	4	0.883025
3	8068	0	0.920986
3	8068	1	0.923226
3	8068	2	0.921214
3	8068	3	0.914593
3	8068	4	0.921696
3	12003	0	0.942185
3	12003	1	0.970172
3	12003	2	0.974410
3	12003	3	0.974576
3	12003	4	0.974785
3	16052	0	0.823888
3	16052	1	0.802143
3	16052	2	0.834417
3	16052	3	0.871075
3	16052	4	0.897230
3	41006	0	0.559914
3	41006	1	0.493615
3	41006	2	0.539428
3	41006	3	0.491145
3	41006	4	0.506338
3	41085	0	0.400705
3	41085	1	0.416032
3	41085	2	0.479047
3	41085	3	0.638645
3	41085	4	0.685772
3	41096	0	0.630430
3	41096	1	0.728650
3	41096	2	0.701681
3	41096	3	0.674538
3	41096	4	0.667299
3	43051	0	0.853982
3	43051	1	0.824906
3	43051	2	0.807420
3	43051	3	0.808819
3	43051	4	0.815938
3	51084	0	0.916945
3	51084	1	0.939390
3	51084	2	0.939950
3	51084	3	0.925251
3	51084	4	0.919176
3	64061	0	0.649869
3	64061	1	0.613471
3	64061	2	0.521021
3	64061	3	0.503490
3	64061	4	0.519261
3	69022	0	0.635533
3	69022	1	0.659579
3	69022	2	0.643314
3	69022	3	0.693150
3	69022	4	0.713954
3	70011	0	0.697885
3	70011	1	0.670363
3	70011	2	0.627559
3	70011	3	0.606708
3	70011	4	0.669962
3	70090	0	0.736104
3	70090	1	0.608362
3	70090	2	0.677319
3	70090	3	0.684200
3	70090	4	0.742116
3	100007	0	0.966658
3	100007	1	0.962813
3	100007	2	0.959934
3	100007	3	0.960685
3	100007	4	0.963044
3	100080	0	0.893597
3	100080	1	0.910522
3	100080	2	0.912678
3	100080	3	0.912010
3	100080	4	0.899056
3	103006	0	0.661974
3	103006	1	0.635697
3	103006	2	0.635652
3	103006	3	0.641105
3	103006	4	0.694627
3	103078	0	0.755976
3	103078	1	0.802207
3	103078	2	0.860601
3	103078	3	0.899323
3	103078	4	0.913895
3	105027	0	0.481501
3	105027	1	0.681894
3	105027	2	0.690053
3	105027	3	0.651415
3	105027	4	0.755283
3	135037	0	0.684053
3	135037	1	0.704715
3	135037	2	0.740076
3	135037	3	0.735073
3	135037	4	0.754347
3	173036	0	0.506335
3	173036	1	0.460606
3	173036	2	0.468234
3	173036	3	0.511455
3	173036	4	0.543378
3	209070	0	0.325810
3	209070	1	0.392163
3	209070	2	0.416545
3	209070	3	0.408599
3	209070	4	0.433572
3	236017	0	0.479306
3	236017	1	0.477087
3	236017	2	0.563584
3	236017	3	0.629337
3	236017	4	0.657724
3	268002	0	0.456928
3	268002	1	0.413844
3	268002	2	0.425406
3	268002	3	0.432398
3	268002	4	0.436283
3	326038	0	0.477353
3	326038	1	0.557127
3	326038	2	0.533118
3	326038	3	0.529914
3	326038	4	0.590537
4	3063	0	0.895320
4	3063	1	0.915819
4	3063	2	0.905565
4	3063	3	0.878143
4	3063	4	0.923595
4	6046	0	0.578841
4	6046	1	0.681458
4	6046	2	0.706387
4	6046	3	0.709359
4	6046	4	0.717215
4	8068	0	0.625338
4	8068	1	0.772699
4	8068	2	0.768996
4	8068	3	0.767709
4	8068	4	0.764017
4	12003	0	0.854822
4	12003	1	0.911592
4	12003	2	0.917236
4	12003	3	0.917708
4	12003	4	0.925923
4	16052	0	0.555019
4	16052	1	0.683003
4	16052	2	0.746901
4	16052	3	0.787961
4	16052	4	0.813991
4	41006	0	0.262637
4	41006	1	0.262602
4	41006	2	0.253376
4	41006	3	0.240686
4	41006	4	0.274106
4	41085	0	0.340807
4	41085	1	0.372702
4	41085	2	0.405265
4	41085	3	0.414924
4	41085	4	0.433548
4	41096	0	0.662758
4	41096	1	0.633373
4	41096	2	0.659599
4	41096	3	0.653389
4	41096	4	0.699850
4	43051	0	0.767501
4	43051	1	0.543617
4	43051	2	0.398766
4	43051	3	0.359805
4	43051	4	0.443010
4	51084	0	0.856850
4	51084	1	0.933654
4	51084	2	0.933202
4	51084	3	0.937563
4	51084	4	0.927291
4	64061	0	0.598893
4	64061	1	0.652560
4	64061	2	0.531780
4	64061	3	0.576254
4	64061	4	0.548157
4	69022	0	0.435274
4	69022	1	0.464176
4	69022	2	0.519537
4	69022	3	0.599780
4	69022	4	0.628895
4	70011	0	0.396368
4	70011	1	0.375755
4	70011	2	0.263753
4	70011	3	0.296582
4	70011	4	0.337064
4	70090	0	0.633129
4	70090	1	0.607254
4	70090	2	0.622535
4	70090	3	0.624600
4	70090	4	0.631482
4	100007	0	0.215872
4	100007	1	0.246182
4	100007	2	0.263264
4	100007	3	0.258650
4	100007	4	0.276500
4	100080	0	0.919006
4	100080	1	0.923334
4	100080	2	0.878383
4	100080	3	0.907638
4	100080	4	0.904271
4	103006	0	0.464371
4	103006	1	0.499690
4	103006	2	0.482249
4	103006	3	0.485481
4	103006	4	0.491016
4	103078	0	0.305364
4	103078	1	0.329580
4	103078	2	0.334119
4	103078	3	0.341605
4	103078	4	0.343325
4	105027	0	0.479731
4	105027	1	0.427047
4	105027	2	0.393670
4	105027	3	0.385907
4	105027	4	0.398175
4	135037	0	0.615631
4	135037	1	0.622958
4	135037	2	0.639305
4	135037	3	0.602152
4	135037	4	0.559532
4	173036	0	0.435867
4	173036	1	0.414221
4	173036	2	0.413031
4	173036	3	0.412122
4	173036	4	0.405878
4	209070	0	0.432971
4	209070	1	0.456686
4	209070	2	0.403129
4	209070	3	0.452626
4	209070	4	0.510918
4	236017	0	0.356796
4	236017	1	0.400594
4	236017	2	0.494982
4	236017	3	0.526591
4	236017	4	0.519190
4	268002	0	0.194958
4	268002	1	0.206957
4	268002	2	0.209659
4	268002	3	0.220568
4	268002	4	0.223845
4	326038	0	0.626950
4	326038	1	0.516447
4	326038	2	0.541265
4	326038	3	0.458927
4	326038	4	0.474177
5	3063	0	0.974299
5	3063	1	0.978917
5	3063	2	0.983034
5	3063	3	0.983278
5	3063	4	0.983174
5	6046	0	0.877269
5	6046	1	0.873068
5	6046	2	0.893171
5	6046	3	0.911338
5	6046	4	0.896643
5	8068	0	0.923372
5	8068	1	0.928136
5	8068	2	0.931581
5	8068	3	0.933222
5	8068	4	0.951370
5	12003	0	0.959708
5	12003	1	0.975416
5	12003	2	0.977735
5	12003	3	0.977724
5	12003	4	0.977913
5	16052	0	0.869226
5	16052	1	0.881494
5	16052	2	0.907380
5	16052	3	0.914458
5	16052	4	0.919742
5	41006	0	0.654953
5	41006	1	0.707481
5	41006	2	0.707061
5	41006	3	0.721872
5	41006	4	0.755577
5	41085	0	0.590007
5	41085	1	0.664498
5	41085	2	0.711977
5	41085	3	0.718302
5	41085	4	0.738357
5	41096	0	0.759528
5	41096	1	0.755225
5	41096	2	0.589394
5	41096	3	0.576143
5	41096	4	0.627393
5	43051	0	0.854538
5	43051	1	0.814768
5	43051	2	0.810673
5	43051	3	0.827934
5	43051	4	0.817425
5	51084	0	0.940474
5	51084	1	0.948087
5	51084	2	0.948844
5	51084	3	0.942818
5	51084	4	0.943919
5	64061	0	0.650364
5	64061	1	0.643475
5	64061	2	0.558799
5	64061	3	0.686922
5	64061	4	0.699613
5	69022	0	0.689191
5	69022	1	0.766473
5	69022	2	0.788348
5	69022	3	0.829798
5	69022	4	0.845890
5	70011	0	0.716374
5	70011	1	0.716072
5	70011	2	0.779951
5	70011	3	0.824230
5	70011	4	0.876587
5	70090	0	0.745416
5	70090	1	0.762582
5	70090	2	0.814853
5	70090	3	0.819334
5	70090	4	0.854187
5	100007	0	0.968317
5	100007	1	0.965499
5	100007	2	0.951032
5	100007	3	0.940070
5	100007	4	0.906750
5	100080	0	0.917468
5	100080	1	0.906524
5	100080	2	0.911280
5	100080	3	0.897182
5	100080	4	0.883116
5	103006	0	0.649268
5	103006	1	0.644358
5	103006	2	0.767770
5	103006	3	0.790646
5	103006	4	0.842220
5	103078	0	0.790606
5	103078	1	0.850624
5	103078	2	0.879077
5	103078	3	0.892496
5	103078	4	0.888092
5	105027	0	0.437687
5	105027	1	0.509121
5	105027	2	0.546510
5	105027	3	0.635544
5	105027	4	0.665801
5	135037	0	0.912836
5	135037	1	0.946940
5	135037	2	0.948932
5	135037	3	0.934789
5	135037	4	0.937590
5	173036	0	0.499880
5	173036	1	0.659292
5	173036	2	0.660973
5	173036	3	0.643869
5	173036	4	0.674583
5	209070	0	0.474174
5	209070	1	0.577290
5	209070	2	0.670695
5	209070	3	0.740751
5	209070	4	0.801909
5	236017	0	0.438387
5	236017	1	0.616438
5	236017	2	0.749255
5	236017	3	0.770628
5	236017	4	0.820046
5	268002	0	0.459028
5	268002	1	0.346010
5	268002	2	0.372278
5	268002	3	0.414681
5	268002	4	0.430889
5	326038	0	0.672967
5	326038	1	0.737151
5	326038	2	0.777534
5	326038	3	0.818771
5	326038	4	0.824098
6	3063	0	0.974711
6	3063	1	0.977667
6	3063	2	0.979375
6	3063	3	0.980079
6	3063	4	0.980515
6	6046	0	0.848243
6	6046	1	0.882958
6	6046	2	0.892878
6	6046	3	0.906769
6	6046	4	0.916569
6	8068	0	0.933788
6	8068	1	0.911800
6	8068	2	0.912152
6	8068	3	0.917812
6	8068	4	0.923102
6	12003	0	0.968661
6	12003	1	0.974969
6	12003	2	0.975383
6	12003	3	0.976106
6	12003	4	0.976653
6	16052	0	0.874279
6	16052	1	0.880980
6	16052	2	0.856151
6	16052	3	0.889392
6	16052	4	0.895923
6	41006	0	0.716916
6	41006	1	0.772451
6	41006	2	0.748908
6	41006	3	0.782020
6	41006	4	0.847050
6	41085	0	0.603545
6	41085	1	0.585099
6	41085	2	0.549219
6	41085	3	0.580551
6	41085	4	0.673804
6	41096	0	0.703144
6	41096	1	0.666946
6	41096	2	0.739260
6	41096	3	0.752907
6	41096	4	0.776641
6	43051	0	0.835301
6	43051	1	0.785692
6	43051	2	0.765101
6	43051	3	0.766350
6	43051	4	0.777279
6	51084	0	0.939150
6	51084	1	0.944685
6	51084	2	0.945665
6	51084	3	0.945584
6	51084	4	0.945919
6	64061	0	0.600553
6	64061	1	0.521191
6	64061	2	0.556170
6	64061	3	0.537756
6	64061	4	0.585739
6	69022	0	0.537910
6	69022	1	0.773037
6	69022	2	0.825889
6	69022	3	0.838911
6	69022	4	0.864489
6	70011	0	0.652741
6	70011	1	0.599223
6	70011	2	0.628427
6	70011	3	0.756344
6	70011	4	0.791030
6	70090	0	0.687483
6	70090	1	0.728987
6	70090	2	0.782430
6	70090	3	0.789860
6	70090	4	0.816583
6	100007	0	0.973252
6	100007	1	0.971849
6	100007	2	0.952833
6	100007	3	0.875537
6	100007	4	0.894500
6	100080	0	0.927910
6	100080	1	0.922434
6	100080	2	0.920901
6	100080	3	0.913967
6	100080	4	0.890361
6	103006	0	0.572709
6	103006	1	0.610762
6	103006	2	0.640717
6	103006	3	0.702669
6	103006	4	0.742046
6	103078	0	0.734053
6	103078	1	0.760285
6	103078	2	0.804868
6	103078	3	0.800639
6	103078	4	0.849864
6	105027	0	0.568150
6	105027	1	0.676293
6	105027	2	0.593101
6	105027	3	0.625557
6	105027	4	0.626840
6	135037	0	0.880493
6	135037	1	0.886885
6	135037	2	0.889955
6	135037	3	0.930837
6	135037	4	0.945355
6	173036	0	0.653854
6	173036	1	0.584478
6	173036	2	0.631482
6	173036	3	0.694880
6	173036	4	0.724237
6	209070	0	0.526289
6	209070	1	0.583612
6	209070	2	0.600194
6	209070	3	0.669174
6	209070	4	0.768153
6	236017	0	0.553460
6	236017	1	0.609949
6	236017	2	0.652703
6	236017	3	0.718751
6	236017	4	0.819899
6	268002	0	0.457307
6	268002	1	0.392729
6	268002	2	0.389257
6	268002	3	0.461268
6	268002	4	0.530203
6	326038	0	0.719173
6	326038	1	0.730440
6	326038	2	0.776891
6	326038	3	0.835935
6	326038	4	0.864613
7	3063	0	0.979927
7	3063	1	0.980700
7	3063	2	0.951463
7	3063	3	0.824630
7	3063	4	0.524916
7	6046	0	0.734000
7	6046	1	0.772660
7	6046	2	0.806838
7	6046	3	0.820364
7	6046	4	0.771686
7	8068	0	0.950250
7	8068	1	0.932632
7	8068	2	0.912795
7	8068	3	0.908994
7	8068	4	0.910170
7	12003	0	0.951549
7	12003	1	0.963616
7	12003	2	0.966071
7	12003	3	0.964766
7	12003	4	0.971196
7	16052	0	0.901535
7	16052	1	0.761874
7	16052	2	0.792070
7	16052	3	0.804615
7	16052	4	0.843028
7	41006	0	0.469030
7	41006	1	0.485738
7	41006	2	0.551770
7	41006	3	0.461690
7	41006	4	0.497030
7	41085	0	0.347591
7	41085	1	0.340801
7	41085	2	0.329427
7	41085	3	0.363089
7	41085	4	0.397251
7	41096	0	0.591768
7	41096	1	0.655627
7	41096	2	0.635936
7	41096	3	0.614324
7	41096	4	0.614623
7	43051	0	0.811087
7	43051	1	0.724746
7	43051	2	0.680699
7	43051	3	0.615168
7	43051	4	0.595636
7	51084	0	0.936084
7	51084	1	0.944957
7	51084	2	0.945144
7	51084	3	0.946013
7	51084	4	0.942177
7	64061	0	0.571097
7	64061	1	0.639779
7	64061	2	0.599318
7	64061	3	0.538518
7	64061	4	0.556477
7	69022	0	0.038685
7	69022	1	0.571736
7	69022	2	0.511706
7	69022	3	0.508970
7	69022	4	0.498080
7	70011	0	0.709687
7	70011	1	0.207974
7	70011	2	0.130018
7	70011	3	0.138191
7	70011	4	0.129698
7	70090	0	0.682437
7	70090	1	0.690507
7	70090	2	0.669794
7	70090	3	0.654332
7	70090	4	0.657651
7	100007	0	0.973751
7	100007	1	0.970217
7	100007	2	0.968646
7	100007	3	0.956250
7	100007	4	0.923435
7	100080	0	0.891167
7	100080	1	0.913590
7	100080	2	0.928997
7	100080	3	0.904781
7	100080	4	0.904930
7	103006	0	0.473443
7	103006	1	0.571530
7	103006	2	0.592678
7	103006	3	0.637690
7	103006	4	0.637888
7	103078	0	0.738475
7	103078	1	0.760770
7	103078	2	0.773984
7	103078	3	0.762339
7	103078	4	0.765135
7	105027	0	0.212289
7	105027	1	0.472472
7	105027	2	0.512837
7	105027	3	0.583011
7	105027	4	0.582499
7	135037	0	0.884244
7	135037	1	0.913185
7	135037	2	0.881134
7	135037	3	0.846204
7	135037	4	0.770425
7	173036	0	0.412780
7	173036	1	0.500229
7	173036	2	0.497659
7	173036	3	0.551117
7	173036	4	0.554380
7	209070	0	0.682658
7	209070	1	0.733475
7	209070	2	0.621720
7	209070	3	0.517595
7	209070	4	0.432662
7	236017	0	0.416739
7	236017	1	0.480259
7	236017	2	0.439805
7	236017	3	0.447278
7	236017	4	0.460620
7	268002	0	0.275418
7	268002	1	0.234333
7	268002	2	0.196119
7	268002	3	0.214919
7	268002	4	0.253761
7	326038	0	0.565535
7	326038	1	0.657969
7	326038	2	0.572270
7	326038	3	0.398295
7	326038	4	0.385443
8	3063	0	0.976878
8	3063	1	0.977809
8	3063	2	0.978242
8	3063	3	0.979591
8	3063	4	0.981232
8	6046	0	0.873418
8	6046	1	0.912962
8	6046	2	0.915094
8	6046	3	0.939759
8	6046	4	0.949227
8	8068	0	0.917615
8	8068	1	0.922098
8	8068	2	0.918268
8	8068	3	0.924275
8	8068	4	0.926280
8	12003	0	0.974889
8	12003	1	0.975820
8	12003	2	0.977307
8	12003	3	0.978080
8	12003	4	0.979251
8	16052	0	0.843265
8	16052	1	0.871710
8	16052	2	0.903170
8	16052	3	0.916093
8	16052	4	0.917328
8	41006	0	0.603973
8	41006	1	0.646090
8	41006	2	0.674624
8	41006	3	0.765307
8	41006	4	0.835122
8	41085	0	0.484992
8	41085	1	0.458953
8	41085	2	0.563503
8	41085	3	0.616124
8	41085	4	0.680707
8	41096	0	0.707915
8	41096	1	0.678692
8	41096	2	0.766575
8	41096	3	0.834483
8	41096	4	0.849386
8	43051	0	0.854577
8	43051	1	0.848884
8	43051	2	0.835684
8	43051	3	0.840163
8	43051	4	0.842459
8	51084	0	0.940475
8	51084	1	0.938203
8	51084	2	0.934653
8	51084	3	0.938704
8	51084	4	0.936915
8	64061	0	0.569241
8	64061	1	0.540783
8	64061	2	0.564292
8	64061	3	0.571449
8	64061	4	0.602209
8	69022	0	0.668222
8	69022	1	0.716060
8	69022	2	0.787645
8	69022	3	0.840024
8	69022	4	0.845851
8	70011	0	0.711819
8	70011	1	0.660869
8	70011	2	0.662136
8	70011	3	0.692243
8	70011	4	0.699014
8	70090	0	0.561985
8	70090	1	0.668445
8	70090	2	0.681657
8	70090	3	0.749080
8	70090	4	0.780753
8	100007	0	0.887914
8	100007	1	0.923676
8	100007	2	0.912544
8	100007	3	0.898481
8	100007	4	0.863324
8	100080	0	0.923462
8	100080	1	0.929303
8	100080	2	0.919972
8	100080	3	0.914980
8	100080	4	0.916270
8	103006	0	0.660998
8	103006	1	0.685972
8	103006	2	0.712503
8	103006	3	0.742147
8	103006	4	0.774583
8	103078	0	0.790418
8	103078	1	0.835757
8	103078	2	0.843255
8	103078	3	0.846385
8	103078	4	0.861445
8	105027	0	0.584918
8	105027	1	0.624845
8	105027	2	0.798541
8	105027	3	0.664091
8	105027	4	0.916819
8	135037	0	0.914162
8	135037	1	0.940215
8	135037	2	0.936418
8	135037	3	0.933627
8	135037	4	0.938675
8	173036	0	0.481611
8	173036	1	0.519915
8	173036	2	0.633204
8	173036	3	0.681158
8	173036	4	0.703335
8	209070	0	0.799285
8	209070	1	0.691146
8	209070	2	0.731074
8	209070	3	0.802411
8	209070	4	0.826764
8	236017	0	0.599184
8	236017	1	0.682361
8	236017	2	0.766134
8	236017	3	0.852585
8	236017	4	0.889108
8	268002	0	0.450313
8	268002	1	0.450825
8	268002	2	0.628582
8	268002	3	0.752022
8	268002	4	0.756961
8	326038	0	0.773669
8	326038	1	0.763138
8	326038	2	0.808205
8	326038	3	0.869442
8	326038	4	0.884876
9	3063	0	0.974667
9	3063	1	0.975954
9	3063	2	0.973867
9	3063	3	0.973109
9	3063	4	0.981408
9	6046	0	0.758002
9	6046	1	0.722724
9	6046	2	0.706843
9	6046	3	0.763106
9	6046	4	0.777884
9	8068	0	0.935872
9	8068	1	0.857228
9	8068	2	0.854363
9	8068	3	0.865592
9	8068	4	0.866324
9	12003	0	0.918455
9	12003	1	0.965310
9	12003	2	0.977485
9	12003	3	0.978547
9	12003	4	0.976999
9	16052	0	0.885922
9	16052	1	0.837011
9	16052	2	0.839908
9	16052	3	0.821047
9	16052	4	0.848565
9	41006	0	0.534843
9	41006	1	0.467604
9	41006	2	0.544107
9	41006	3	0.481186
9	41006	4	0.470739
9	41085	0	0.387006
9	41085	1	0.440945
9	41085	2	0.413244
9	41085	3	0.460869
9	41085	4	0.469195
9	41096	0	0.621002
9	41096	1	0.745369
9	41096	2	0.631060
9	41096	3	0.606777
9	41096	4	0.553733
9	43051	0	0.855681
9	43051	1	0.762964
9	43051	2	0.722093
9	43051	3	0.718963
9	43051	4	0.727253
9	51084	0	0.918192
9	51084	1	0.939218
9	51084	2	0.942816
9	51084	3	0.933055
9	51084	4	0.923565
9	64061	0	0.647341
9	64061	1	0.555621
9	64061	2	0.657627
9	64061	3	0.629314
9	64061	4	0.614721
9	69022	0	0.433143
9	69022	1	0.440674
9	69022	2	0.536441
9	69022	3	0.642820
9	69022	4	0.678125
9	70011	0	0.699125
9	70011	1	0.721419
9	70011	2	0.647317
9	70011	3	0.601576
9	70011	4	0.607919
9	70090	0	0.654555
9	70090	1	0.663641
9	70090	2	0.612516
9	70090	3	0.610731
9	70090	4	0.713406
9	100007	0	0.972723
9	100007	1	0.969796
9	100007	2	0.963384
9	100007	3	0.953838
9	100007	4	0.948535
9	100080	0	0.902218
9	100080	1	0.902518
9	100080	2	0.918336
9	100080	3	0.918478
9	100080	4	0.922439
9	103006	0	0.631596
9	103006	1	0.609076
9	103006	2	0.592040
9	103006	3	0.584117
9	103006	4	0.620236
9	103078	0	0.808297
9	103078	1	0.696718
9	103078	2	0.775350
9	103078	3	0.779139
9	103078	4	0.768367
9	105027	0	0.302708
9	105027	1	0.383783
9	105027	2	0.499402
9	105027	3	0.513196
9	105027	4	0.581747
9	135037	0	0.851898
9	135037	1	0.865175
9	135037	2	0.892267
9	135037	3	0.851765
9	135037	4	0.890612
9	173036	0	0.372330
9	173036	1	0.551345
9	173036	2	0.537859
9	173036	3	0.590350
9	173036	4	0.599948
9	209070	0	0.846500
9	209070	1	0.492593
9	209070	2	0.513418
9	209070	3	0.555572
9	209070	4	0.579863
9	236017	0	0.597428
9	236017	1	0.469277
9	236017	2	0.469849
9	236017	3	0.541151
9	236017	4	0.507503
9	268002	0	0.421727
9	268002	1	0.476573
9	268002	2	0.491296
9	268002	3	0.512075
9	268002	4	0.499665
9	326038	0	0.547218
9	326038	1	0.646999
9	326038	2	0.620641
9	326038	3	0.664930
9	326038	4	0.665034
10	3063	0	0.976706
10	3063	1	0.977297
10	3063	2	0.977172
10	3063	3	0.978151
10	3063	4	0.978548
10	6046	0	0.844277
10	6046	1	0.905363
10	6046	2	0.920008
10	6046	3	0.929208
10	6046	4	0.944981
10	8068	0	0.909729
10	8068	1	0.902460
10	8068	2	0.882069
10	8068	3	0.897548
10	8068	4	0.901095
10	12003	0	0.969677
10	12003	1	0.976233
10	12003	2	0.976791
10	12003	3	0.977311
10	12003	4	0.977613
10	16052	0	0.868304
10	16052	1	0.869880
10	16052	2	0.886530
10	16052	3	0.911306
10	16052	4	0.923469
10	41006	0	0.741941
10	41006	1	0.794407
10	41006	2	0.814680
10	41006	3	0.811622
10	41006	4	0.867372
10	41085	0	0.604786
10	41085	1	0.762627
10	41085	2	0.823349
10	41085	3	0.848724
10	41085	4	0.851994
10	41096	0	0.701075
10	41096	1	0.727984
10	41096	2	0.725413
10	41096	3	0.729249
10	41096	4	0.741993
10	43051	0	0.847273
10	43051	1	0.812423
10	43051	2	0.831442
10	43051	3	0.847019
10	43051	4	0.840255
10	51084	0	0.940583
10	51084	1	0.946860
10	51084	2	0.946641
10	51084	3	0.943327
10	51084	4	0.941288
10	64061	0	0.718132
10	64061	1	0.635150
10	64061	2	0.541290
10	64061	3	0.593879
10	64061	4	0.578576
10	69022	0	0.629915
10	69022	1	0.720821
10	69022	2	0.782949
10	69022	3	0.806897
10	69022	4	0.818268
10	70011	0	0.628127
10	70011	1	0.779286
10	70011	2	0.826149
10	70011	3	0.859673
10	70011	4	0.867126
10	70090	0	0.683960
10	70090	1	0.769134
10	70090	2	0.790516
10	70090	3	0.853738
10	70090	4	0.871636
10	100007	0	0.971609
10	100007	1	0.964742
10	100007	2	0.965915
10	100007	3	0.965701
10	100007	4	0.962902
10	100080	0	0.926297
10	100080	1	0.912370
10	100080	2	0.913376
10	100080	3	0.920899
10	100080	4	0.919895
10	103006	0	0.658034
10	103006	1	0.720896
10	103006	2	0.756569
10	103006	3	0.809331
10	103006	4	0.847513
10	103078	0	0.838021
10	103078	1	0.858277
10	103078	2	0.897787
10	103078	3	0.929657
10	103078	4	0.950558
10	105027	0	0.582770
10	105027	1	0.784481
10	105027	2	0.860407
10	105027	3	0.919369
10	105027	4	0.934524
10	135037	0	0.887174
10	135037	1	0.933256
10	135037	2	0.938387
10	135037	3	0.946628
10	135037	4	0.942765
10	173036	0	0.613549
10	173036	1	0.664088
10	173036	2	0.720504
10	173036	3	0.756787
10	173036	4	0.803483
10	209070	0	0.522069
10	209070	1	0.735660
10	209070	2	0.846723
10	209070	3	0.897191
10	209070	4	0.918213
10	236017	0	0.648546
10	236017	1	0.660481
10	236017	2	0.766908
10	236017	3	0.806859
10	236017	4	0.847615
10	268002	0	0.586907
10	268002	1	0.638235
10	268002	2	0.732970
10	268002	3	0.793618
10	268002	4	0.820575
10	326038	0	0.705942
10	326038	1	0.698085
10	326038	2	0.740046
10	326038	3	0.795590
10	326038	4	0.876985
11	3063	0	0.958290
11	3063	1	0.961572
11	3063	2	0.959949
11	3063	3	0.957938
11	3063	4	0.964163
11	6046	0	0.882919
11	6046	1	0.884103
11	6046	2	0.889511
11	6046	3	0.904593
11	6046	4	0.908599
11	8068	0	0.931675
11	8068	1	0.901537
11	8068	2	0.901211
11	8068	3	0.904227
11	8068	4	0.902302
11	12003	0	0.963057
11	12003	1	0.973147
11	12003	2	0.974678
11	12003	3	0.976568
11	12003	4	0.978087
11	16052	0	0.891852
11	16052	1	0.861380
11	16052	2	0.891578
11	16052	3	0.898728
11	16052	4	0.909922
11	41006	0	0.665395
11	41006	1	0.543336
11	41006	2	0.615210
11	41006	3	0.602083
11	41006	4	0.575478
11	41085	0	0.384452
11	41085	1	0.467261
11	41085	2	0.603264
11	41085	3	0.780249
11	41085	4	0.840515
11	41096	0	0.632294
11	41096	1	0.704327
11	41096	2	0.669709
11	41096	3	0.667573
11	41096	4	0.728475
11	43051	0	0.824440
11	43051	1	0.836684
11	43051	2	0.803992
11	43051	3	0.804240
11	43051	4	0.832932
11	51084	0	0.940427
11	51084	1	0.942323
11	51084	2	0.942171
11	51084	3	0.936685
11	51084	4	0.934464
11	64061	0	0.708406
11	64061	1	0.661451
11	64061	2	0.618030
11	64061	3	0.646484
11	64061	4	0.641449
11	69022	0	0.626519
11	69022	1	0.700416
11	69022	2	0.678369
11	69022	3	0.814767
11	69022	4	0.839774
11	70011	0	0.767457
11	70011	1	0.690576
11	70011	2	0.656490
11	70011	3	0.757105
11	70011	4	0.747004
11	70090	0	0.290831
11	70090	1	0.672931
11	70090	2	0.696086
11	70090	3	0.694010
11	70090	4	0.766902
11	100007	0	0.973374
11	100007	1	0.967265
11	100007	2	0.956600
11	100007	3	0.910439
11	100007	4	0.851084
11	100080	0	0.820041
11	100080	1	0.876552
11	100080	2	0.885895
11	100080	3	0.894257
11	100080	4	0.895201
11	103006	0	0.699189
11	103006	1	0.640785
11	103006	2	0.670901
11	103006	3	0.682513
11	103006	4	0.690480
11	103078	0	0.723290
11	103078	1	0.797752
11	103078	2	0.807615
11	103078	3	0.814725
11	103078	4	0.870121
11	105027	0	0.576024
11	105027	1	0.654555
11	105027	2	0.729487
11	105027	3	0.757935
11	105027	4	0.786351
11	135037	0	0.885153
11	135037	1	0.917256
11	135037	2	0.921008
11	135037	3	0.913881
11	135037	4	0.906371
11	173036	0	0.479837
11	173036	1	0.474245
11	173036	2	0.503422
11	173036	3	0.515946
11	173036	4	0.542562
11	209070	0	0.529666
11	209070	1	0.496893
11	209070	2	0.486900
11	209070	3	0.479792
11	209070	4	0.553981
11	236017	0	0.551802
11	236017	1	0.598966
11	236017	2	0.604275
11	236017	3	0.606345
11	236017	4	0.673612
11	268002	0	0.216916
11	268002	1	0.221953
11	268002	2	0.243639
11	268002	3	0.243217
11	268002	4	0.239073
11	326038	0	0.686436
11	326038	1	0.751030
11	326038	2	0.735058
11	326038	3	0.783611
11	326038	4	0.798000
12	3063	0	0.934279
12	3063	1	0.914919
12	3063	2	0.899154
12	3063	3	0.938000
12	3063	4	0.906982
12	6046	0	0.760107
12	6046	1	0.741974
12	6046	2	0.741999
12	6046	3	0.790008
12	6046	4	0.791012
12	8068	0	0.929970
12	8068	1	0.909970
12	8068	2	0.927758
12	8068	3	0.922122
12	8068	4	0.927177
12	12003	0	0.968637
12	12003	1	0.972624
12	12003	2	0.975783
12	12003	3	0.955896
12	12003	4	0.944840
12	16052	0	0.853040
12	16052	1	0.793824
12	16052	2	0.807857
12	16052	3	0.819553
12	16052	4	0.848602
12	41006	0	0.473985
12	41006	1	0.520989
12	41006	2	0.515396
12	41006	3	0.586734
12	41006	4	0.581033
12	41085	0	0.476814
12	41085	1	0.533459
12	41085	2	0.536353
12	41085	3	0.595440
12	41085	4	0.643829
12	41096	0	0.705640
12	41096	1	0.621576
12	41096	2	0.596657
12	41096	3	0.581209
12	41096	4	0.622179
12	43051	0	0.552486
12	43051	1	0.705915
12	43051	2	0.760182
12	43051	3	0.750502
12	43051	4	0.755889
12	51084	0	0.885411
12	51084	1	0.917117
12	51084	2	0.900813
12	51084	3	0.915655
12	51084	4	0.914749
12	64061	0	0.687398
12	64061	1	0.559119
12	64061	2	0.496220
12	64061	3	0.504095
12	64061	4	0.537489
12	69022	0	0.495695
12	69022	1	0.692730
12	69022	2	0.835941
12	69022	3	0.891693
12	69022	4	0.901238
12	70011	0	0.786104
12	70011	1	0.672873
12	70011	2	0.755298
12	70011	3	0.772113
12	70011	4	0.803329
12	70090	0	0.698567
12	70090	1	0.710257
12	70090	2	0.691794
12	70090	3	0.693730
12	70090	4	0.687138
12	100007	0	0.953216
12	100007	1	0.970058
12	100007	2	0.971274
12	100007	3	0.866393
12	100007	4	0.746102
12	100080	0	0.905733
12	100080	1	0.918052
12	100080	2	0.920503
12	100080	3	0.914317
12	100080	4	0.914922
12	103006	0	0.531946
12	103006	1	0.564346
12	103006	2	0.599708
12	103006	3	0.652509
12	103006	4	0.654908
12	103078	0	0.644211
12	103078	1	0.671521
12	103078	2	0.684125
12	103078	3	0.699178
12	103078	4	0.721942
12	105027	0	0.505335
12	105027	1	0.533261
12	105027	2	0.532982
12	105027	3	0.577392
12	105027	4	0.583093
12	135037	0	0.423118
12	135037	1	0.622318
12	135037	2	0.846819
12	135037	3	0.841085
12	135037	4	0.790512
12	173036	0	0.516865
12	173036	1	0.407392
12	173036	2	0.439634
12	173036	3	0.425318
12	173036	4	0.501549
12	209070	0	0.358035
12	209070	1	0.364872
12	209070	2	0.338869
12	209070	3	0.345985
12	209070	4	0.358038
12	236017	0	0.376427
12	236017	1	0.536849
12	236017	2	0.589552
12	236017	3	0.749478
12	236017	4	0.736563
12	268002	0	0.358866
12	268002	1	0.394037
12	268002	2	0.356776
12	268002	3	0.330435
12	268002	4	0.328727
12	326038	0	0.712988
12	326038	1	0.677953
12	326038	2	0.768349
12	326038	3	0.837507
12	326038	4	0.866877
13	3063	0	0.973563
13	3063	1	0.982008
13	3063	2	0.983671
13	3063	3	0.983957
13	3063	4	0.984329
13	6046	0	0.898727
13	6046	1	0.915881
13	6046	2	0.926559
13	6046	3	0.941283
13	6046	4	0.945985
13	8068	0	0.941523
13	8068	1	0.926022
13	8068	2	0.932992
13	8068	3	0.954095
13	8068	4	0.959161
13	12003	0	0.971218
13	12003	1	0.973575
13	12003	2	0.975684
13	12003	3	0.976622
13	12003	4	0.979202
13	16052	0	0.802157
13	16052	1	0.851171
13	16052	2	0.879008
13	16052	3	0.909672
13	16052	4	0.918336
13	41006	0	0.774759
13	41006	1	0.693147
13	41006	2	0.842873
13	41006	3	0.833507
13	41006	4	0.842232
13	41085	0	0.512253
13	41085	1	0.562080
13	41085	2	0.652475
13	41085	3	0.685847
13	41085	4	0.682417
13	41096	0	0.731105
13	41096	1	0.727370
13	41096	2	0.712349
13	41096	3	0.719552
13	41096	4	0.801366
13	43051	0	0.808782
13	43051	1	0.797228
13	43051	2	0.794051
13	43051	3	0.781206
13	43051	4	0.789719
13	51084	0	0.946335
13	51084	1	0.949140
13	51084	2	0.948772
13	51084	3	0.943473
13	51084	4	0.943019
13	64061	0	0.735881
13	64061	1	0.674951
13	64061	2	0.654778
13	64061	3	0.670024
13	64061	4	0.685919
13	69022	0	0.682182
13	69022	1	0.802271
13	69022	2	0.831758
13	69022	3	0.859916
13	69022	4	0.892545
13	70011	0	0.741898
13	70011	1	0.656524
13	70011	2	0.621781
13	70011	3	0.620400
13	70011	4	0.640058
13	70090	0	0.719326
13	70090	1	0.739012
13	70090	2	0.779446
13	70090	3	0.868552
13	70090	4	0.894264
13	100007	0	0.971013
13	100007	1	0.962410
13	100007	2	0.952261
13	100007	3	0.957325
13	100007	4	0.959251
13	100080	0	0.872869
13	100080	1	0.893050
13	100080	2	0.886264
13	100080	3	0.892977
13	100080	4	0.902383
13	103006	0	0.639985
13	103006	1	0.674094
13	103006	2	0.711197
13	103006	3	0.752193
13	103006	4	0.765138
13	103078	0	0.777280
13	103078	1	0.769716
13	103078	2	0.813246
13	103078	3	0.814124
13	103078	4	0.841576
13	105027	0	0.680059
13	105027	1	0.804068
13	105027	2	0.621673
13	105027	3	0.861420
13	105027	4	0.912996
13	135037	0	0.928718
13	135037	1	0.928773
13	135037	2	0.913205
13	135037	3	0.912026
13	135037	4	0.902999
13	173036	0	0.581248
13	173036	1	0.652769
13	173036	2	0.728682
13	173036	3	0.750694
13	173036	4	0.764142
13	209070	0	0.495116
13	209070	1	0.610208
13	209070	2	0.797242
13	209070	3	0.890097
13	209070	4	0.930705
13	236017	0	0.602402
13	236017	1	0.702147
13	236017	2	0.824351
13	236017	3	0.886831
13	236017	4	0.905824
13	268002	0	0.539784
13	268002	1	0.572143
13	268002	2	0.607025
13	268002	3	0.727412
13	268002	4	0.739081
13	326038	0	0.737375
13	326038	1	0.769712
13	326038	2	0.861349
13	326038	3	0.874189
13	326038	4	0.893277
14	3063	0	0.974953
14	3063	1	0.975355
14	3063	2	0.980448
14	3063	3	0.982280
14	3063	4	0.982910
14	6046	0	0.869431
14	6046	1	0.884486
14	6046	2	0.848234
14	6046	3	0.872014
14	6046	4	0.906735
14	8068	0	0.964540
14	8068	1	0.927324
14	8068	2	0.933349
14	8068	3	0.917682
14	8068	4	0.920673
14	12003	0	0.919828
14	12003	1	0.961162
14	12003	2	0.967103
14	12003	3	0.967521
14	12003	4	0.967496
14	16052	0	0.823313
14	16052	1	0.814213
14	16052	2	0.827287
14	16052	3	0.875799
14	16052	4	0.902312
14	41006	0	0.556535
14	41006	1	0.596849
14	41006	2	0.577250
14	41006	3	0.712484
14	41006	4	0.804764
14	41085	0	0.358558
14	41085	1	0.488523
14	41085	2	0.498410
14	41085	3	0.533313
14	41085	4	0.722177
14	41096	0	0.479232
14	41096	1	0.613340
14	41096	2	0.671107
14	41096	3	0.738799
14	41096	4	0.759780
14	43051	0	0.861148
14	43051	1	0.814682
14	43051	2	0.804782
14	43051	3	0.780402
14	43051	4	0.774761
14	51084	0	0.941034
14	51084	1	0.948032
14	51084	2	0.951042
14	51084	3	0.951468
14	51084	4	0.945585
14	64061	0	0.809762
14	64061	1	0.753551
14	64061	2	0.711058
14	64061	3	0.661281
14	64061	4	0.662746
14	69022	0	0.664829
14	69022	1	0.642865
14	69022	2	0.618474
14	69022	3	0.692254
14	69022	4	0.772271
14	70011	0	0.710483
14	70011	1	0.572023
14	70011	2	0.549366
14	70011	3	0.536366
14	70011	4	0.585765
14	70090	0	0.660870
14	70090	1	0.666675
14	70090	2	0.702854
14	70090	3	0.722274
14	70090	4	0.813225
14	100007	0	0.973477
14	100007	1	0.965120
14	100007	2	0.907981
14	100007	3	0.892351
14	100007	4	0.873363
14	100080	0	0.911589
14	100080	1	0.933583
14	100080	2	0.915473
14	100080	3	0.927313
14	100080	4	0.916717
14	103006	0	0.633363
14	103006	1	0.616609
14	103006	2	0.586819
14	103006	3	0.655168
14	103006	4	0.725462
14	103078	0	0.903443
14	103078	1	0.816139
14	103078	2	0.841066
14	103078	3	0.823598
14	103078	4	0.840324
14	105027	0	0.331732
14	105027	1	0.610317
14	105027	2	0.599727
14	105027	3	0.714652
14	105027	4	0.706280
14	135037	0	0.924973
14	135037	1	0.935398
14	135037	2	0.915019
14	135037	3	0.898953
14	135037	4	0.856774
14	173036	0	0.673874
14	173036	1	0.625372
14	173036	2	0.648572
14	173036	3	0.650358
14	173036	4	0.667903
14	209070	0	0.467113
14	209070	1	0.466861
14	209070	2	0.507832
14	209070	3	0.531776
14	209070	4	0.560483
14	236017	0	0.292699
14	236017	1	0.449158
14	236017	2	0.578974
14	236017	3	0.608191
14	236017	4	0.690642
14	268002	0	0.574704
14	268002	1	0.462080
14	268002	2	0.420950
14	268002	3	0.538522
14	268002	4	0.553149
14	326038	0	0.221893
14	326038	1	0.631186
14	326038	2	0.684810
14	326038	3	0.731843
14	326038	4	0.776787
