# participant_id	file_id	dilation_radius	dsc
2	3063	0	0.982237
2	3063	1	0.982723
2	3063	2	0.982840
2	3063	3	0.981868
2	3063	4	0.980154
2	6046	0	0.047863
2	6046	1	0.129458
2	6046	2	0.205741
2	6046	3	0.283609
2	6046	4	0.862408
2	8068	0	0.912195
2	8068	1	0.920200
2	8068	2	0.923333
2	8068	3	0.926627
2	8068	4	0.929695
2	12003	0	0.966552
2	12003	1	0.967675
2	12003	2	0.967741
2	12003	3	0.967940
2	12003	4	0.968405
2	16052	0	0.054407
2	16052	1	0.144984
2	16052	2	0.227921
2	16052	3	0.316581
2	16052	4	0.392668
2	41006	0	0.144596
2	41006	1	0.277329
2	41006	2	0.383591
2	41006	3	0.757452
2	41006	4	0.766022
2	41085	0	0.078296
2	41085	1	0.202766
2	41085	2	0.308792
2	41085	3	0.413660
2	41085	4	0.498624
2	41096	0	0.098756
2	41096	1	0.247127
2	41096	2	0.353201
2	41096	3	0.703770
2	41096	4	0.774808
2	43051	0	0.469976
2	43051	1	0.521158
2	43051	2	0.745903
2	43051	3	0.771515
2	43051	4	0.779949
2	51084	0	0.949538
2	51084	1	0.949491
2	51084	2	0.949631
2	51084	3	0.949815
2	51084	4	0.948543
2	64061	0	0.094287
2	64061	1	0.429843
2	64061	2	0.522576
2	64061	3	0.597802
2	64061	4	0.690925
2	69022	0	0.388916
2	69022	1	0.392508
2	69022	2	0.396198
2	69022	3	0.399937
2	69022	4	0.403532
2	70011	0	0.165143
2	70011	1	0.377593
2	70011	2	0.822988
2	70011	3	0.846349
2	70011	4	0.862514
2	70090	0	0.080598
2	70090	1	0.195452
2	70090	2	0.293422
2	70090	3	0.391937
2	70090	4	0.751756
2	100007	0	0.950078
2	100007	1	0.950078
2	100007	2	0.950175
2	100007	3	0.950790
2	100007	4	0.949177
2	100080	0	0.893968
2	100080	1	0.896751
2	100080	2	0.897957
2	100080	3	0.898469
2	100080	4	0.899965
2	103006	0	0.044743
2	103006	1	0.121135
2	103006	2	0.193919
2	103006	3	0.274187
2	103006	4	0.340734
2	103078	0	0.065187
2	103078	1	0.171457
2	103078	2	0.270176
2	103078	3	0.366421
2	103078	4	0.450269
2	105027	0	0.074049
2	105027	1	0.188254
2	105027	2	0.291737
2	105027	3	0.420683
2	105027	4	0.502898
2	135037	0	0.933420
2	135037	1	0.938150
2	135037	2	0.937333
2	135037	3	0.931094
2	135037	4	0.923675
2	173036	0	0.094476
2	173036	1	0.219531
2	173036	2	0.334841
2	173036	3	0.451080
2	173036	4	0.541788
2	209070	0	0.085243
2	209070	1	0.216744
2	209070	2	0.329730
2	209070	3	0.513588
2	209070	4	0.607612
2	236017	0	0.071532
2	236017	1	0.187866
2	236017	2	0.292103
2	236017	3	0.391896
2	236017	4	0.476672
2	268002	0	0.120184
2	268002	1	0.344531
2	268002	2	0.462889
2	268002	3	0.552585
2	268002	4	0.625949
2	326038	0	0.097094
2	326038	1	0.234758
2	326038	2	0.355929
2	326038	3	0.481909
2	326038	4	0.622799
3	3063	0	0.981442
3	3063	1	0.981423
3	3063	2	0.981450
3	3063	3	0.981658
3	3063	4	0.981250
3	6046	0	0.038933
3	6046	1	0.108848
3	6046	2	0.177283
3	6046	3	0.245670
3	6046	4	0.811823
3	8068	0	0.921385
3	8068	1	0.930984
3	8068	2	0.937581
3	8068	3	0.943558
3	8068	4	0.950919
3	12003	0	0.968110
3	12003	1	0.968311
3	12003	2	0.968282
3	12003	3	0.968189
3	12003	4	0.969109
3	16052	0	0.089230
3	16052	1	0.218061
3	16052	2	0.334551
3	16052	3	0.457480
3	16052	4	0.860885
3	41006	0	0.103279
3	41006	1	0.247662
3	41006	2	0.710012
3	41006	3	0.745431
3	41006	4	0.770659
3	41085	0	0.067786
3	41085	1	0.182839
3	41085	2	0.286407
3	41085	3	0.386887
3	41085	4	0.471054
3	41096	0	0.060245
3	41096	1	0.149212
3	41096	2	0.234058
3	41096	3	0.325271
3	41096	4	0.398012
3	43051	0	0.503856
3	43051	1	0.757643
3	43051	2	0.769231
3	43051	3	0.781650
3	43051	4	0.795809
3	51084	0	0.949452
3	51084	1	0.949468
3	51084	2	0.949547
3	51084	3	0.949714
3	51084	4	0.949764
3	64061	0	0.249596
3	64061	1	0.404468
3	64061	2	0.478010
3	64061	3	0.573214
3	64061	4	0.629792
3	69022	0	0.070445
3	69022	1	0.191001
3	69022	2	0.308015
3	69022	3	0.487394
3	69022	4	0.551123
3	70011	0	0.133935
3	70011	1	0.285899
3	70011	2	0.454641
3	70011	3	0.824569
3	70011	4	0.841875
3	70090	0	0.058922
3	70090	1	0.142464
3	70090	2	0.222550
3	70090	3	0.306316
3	70090	4	0.372044
3	100007	0	0.949271
3	100007	1	0.949308
3	100007	2	0.949497
3	100007	3	0.949085
3	100007	4	0.949097
3	100080	0	0.057418
3	100080	1	0.897341
3	100080	2	0.899281
3	100080	3	0.900777
3	100080	4	0.901135
3	103006	0	0.050661
3	103006	1	0.137197
3	103006	2	0.216010
3	103006	3	0.301938
3	103006	4	0.372370
3	103078	0	0.063831
3	103078	1	0.168271
3	103078	2	0.259188
3	103078	3	0.359788
3	103078	4	0.450670
3	105027	0	0.051480
3	105027	1	0.140590
3	105027	2	0.220366
3	105027	3	0.312597
3	105027	4	0.385792
3	135037	0	0.866099
3	135037	1	0.868615
3	135037	2	0.871919
3	135037	3	0.875096
3	135037	4	0.913408
3	173036	0	0.108780
3	173036	1	0.262893
3	173036	2	0.398692
3	173036	3	0.538071
3	173036	4	0.638608
3	209070	0	0.066646
3	209070	1	0.210065
3	209070	2	0.321443
3	209070	3	0.451350
3	209070	4	0.523156
3	236017	0	0.301344
3	236017	1	0.301344
3	236017	2	0.301344
3	236017	3	0.301344
3	236017	4	0.301344
3	268002	0	0.106163
3	268002	1	0.260798
3	268002	2	0.390671
3	268002	3	0.560582
3	268002	4	0.641695
3	326038	0	0.111403
3	326038	1	0.250980
3	326038	2	0.372017
3	326038	3	0.514105
3	326038	4	0.596977
4	3063	0	0.978039
4	3063	1	0.977792
4	3063	2	0.976023
4	3063	3	0.970994
4	3063	4	0.965867
4	6046	0	0.060188
4	6046	1	0.160608
4	6046	2	0.254521
4	6046	3	0.816569
4	6046	4	0.822477
4	8068	0	0.767424
4	8068	1	0.768203
4	8068	2	0.768529
4	8068	3	0.768717
4	8068	4	0.768336
4	12003	0	0.960864
4	12003	1	0.960794
4	12003	2	0.960750
4	12003	3	0.961934
4	12003	4	0.961700
4	16052	0	0.257888
4	16052	1	0.206584
4	16052	2	0.319614
4	16052	3	0.426437
4	16052	4	0.822728
4	41006	0	0.122558
4	41006	1	0.310733
4	41006	2	0.752205
4	41006	3	0.797742
4	41006	4	0.825219
4	41085	0	0.101135
4	41085	1	0.248986
4	41085	2	0.376592
4	41085	3	0.488029
4	41085	4	0.578483
4	41096	0	0.096648
4	41096	1	0.240812
4	41096	2	0.633115
4	41096	3	0.648778
4	41096	4	0.660110
4	43051	0	0.388905
4	43051	1	0.734979
4	43051	2	0.743760
4	43051	3	0.748278
4	43051	4	0.754033
4	51084	0	0.950175
4	51084	1	0.950447
4	51084	2	0.949843
4	51084	3	0.948586
4	51084	4	0.946287
4	64061	0	0.190112
4	64061	1	0.446834
4	64061	2	0.586594
4	64061	3	0.790990
4	64061	4	0.823393
4	69022	0	0.079386
4	69022	1	0.204538
4	69022	2	0.321508
4	69022	3	0.504508
4	69022	4	0.575823
4	70011	0	0.178508
4	70011	1	0.712827
4	70011	2	0.803850
4	70011	3	0.822261
4	70011	4	0.829321
4	70090	0	0.103530
4	70090	1	0.575842
4	70090	2	0.617048
4	70090	3	0.728567
4	70090	4	0.745227
4	100007	0	0.198326
4	100007	1	0.198570
4	100007	2	0.198600
4	100007	3	0.198471
4	100007	4	0.198375
4	100080	0	0.423275
4	100080	1	0.890976
4	100080	2	0.894702
4	100080	3	0.896274
4	100080	4	0.898182
4	103006	0	0.444260
4	103006	1	0.452451
4	103006	2	0.460996
4	103006	3	0.487395
4	103006	4	0.496071
4	103078	0	0.248909
4	103078	1	0.334064
4	103078	2	0.334652
4	103078	3	0.335288
4	103078	4	0.335826
4	105027	0	0.076374
4	105027	1	0.191258
4	105027	2	0.294016
4	105027	3	0.405067
4	105027	4	0.533556
4	135037	0	0.921351
4	135037	1	0.926806
4	135037	2	0.925760
4	135037	3	0.916895
4	135037	4	0.909799
4	173036	0	0.086063
4	173036	1	0.201252
4	173036	2	0.309675
4	173036	3	0.420701
4	173036	4	0.500987
4	209070	0	0.165359
4	209070	1	0.270636
4	209070	2	0.415534
4	209070	3	0.502053
4	209070	4	0.589683
4	236017	0	0.087782
4	236017	1	0.244697
4	236017	2	0.365755
4	236017	3	0.492969
4	236017	4	0.659085
4	268002	0	0.144841
4	268002	1	0.258099
4	268002	2	0.239337
4	268002	3	0.245762
4	268002	4	0.248947
4	326038	0	0.226001
4	326038	1	0.231428
4	326038	2	0.237022
4	326038	3	0.619207
4	326038	4	0.715005
5	3063	0	0.981719
5	3063	1	0.982027
5	3063	2	0.983789
5	3063	3	0.983886
5	3063	4	0.983635
5	6046	0	0.517595
5	6046	1	0.526304
5	6046	2	0.826064
5	6046	3	0.835315
5	6046	4	0.842318
5	8068	0	0.919072
5	8068	1	0.921310
5	8068	2	0.927404
5	8068	3	0.931326
5	8068	4	0.935457
5	12003	0	0.966434
5	12003	1	0.966434
5	12003	2	0.966447
5	12003	3	0.966514
5	12003	4	0.967099
5	16052	0	0.074312
5	16052	1	0.189480
5	16052	2	0.292287
5	16052	3	0.391550
5	16052	4	0.473934
5	41006	0	0.124789
5	41006	1	0.286777
5	41006	2	0.735172
5	41006	3	0.772092
5	41006	4	0.792114
5	41085	0	0.061440
5	41085	1	0.160997
5	41085	2	0.249180
5	41085	3	0.339237
5	41085	4	0.411295
5	41096	0	0.078897
5	41096	1	0.183494
5	41096	2	0.274515
5	41096	3	0.376889
5	41096	4	0.641365
5	43051	0	0.745900
5	43051	1	0.760466
5	43051	2	0.774040
5	43051	3	0.783301
5	43051	4	0.791249
5	51084	0	0.949468
5	51084	1	0.949468
5	51084	2	0.949521
5	51084	3	0.949521
5	51084	4	0.949538
5	64061	0	0.365137
5	64061	1	0.489905
5	64061	2	0.644444
5	64061	3	0.860477
5	64061	4	0.892860
5	69022	0	0.100607
5	69022	1	0.361176
5	69022	2	0.458275
5	69022	3	0.559312
5	69022	4	0.629842
5	70011	0	0.160967
5	70011	1	0.627979
5	70011	2	0.733666
5	70011	3	0.810085
5	70011	4	0.827904
5	70090	0	0.081615
5	70090	1	0.196282
5	70090	2	0.296078
5	70090	3	0.644825
5	70090	4	0.678742
5	100007	0	0.950166
5	100007	1	0.950998
5	100007	2	0.951148
5	100007	3	0.950715
5	100007	4	0.949644
5	100080	0	0.898242
5	100080	1	0.899740
5	100080	2	0.901231
5	100080	3	0.903137
5	100080	4	0.907198
5	103006	0	0.072742
5	103006	1	0.172247
5	103006	2	0.260222
5	103006	3	0.347290
5	103006	4	0.418775
5	103078	0	0.140831
5	103078	1	0.342071
5	103078	2	0.886695
5	103078	3	0.925497
5	103078	4	0.935156
5	105027	0	0.074951
5	105027	1	0.195641
5	105027	2	0.300691
5	105027	3	0.425161
5	105027	4	0.527839
5	135037	0	0.921498
5	135037	1	0.929278
5	135037	2	0.939134
5	135037	3	0.938421
5	135037	4	0.939645
5	173036	0	0.098009
5	173036	1	0.234344
5	173036	2	0.359017
5	173036	3	0.475379
5	173036	4	0.561813
5	209070	0	0.083294
5	209070	1	0.245604
5	209070	2	0.369406
5	209070	3	0.503084
5	209070	4	0.592142
5	236017	0	0.121781
5	236017	1	0.291000
5	236017	2	0.434084
5	236017	3	0.645359
5	236017	4	0.696796
5	268002	0	0.230715
5	268002	1	0.462248
5	268002	2	0.606990
5	268002	3	0.747171
5	268002	4	0.812494
5	326038	0	0.095692
5	326038	1	0.230025
5	326038	2	0.347289
5	326038	3	0.452808
5	326038	4	0.540559
6	3063	0	0.981412
6	3063	1	0.982005
6	3063	2	0.982482
6	3063	3	0.982264
6	3063	4	0.981243
6	6046	0	0.090990
6	6046	1	0.799736
6	6046	2	0.814871
6	6046	3	0.876599
6	6046	4	0.881914
6	8068	0	0.920357
6	8068	1	0.923310
6	8068	2	0.927301
6	8068	3	0.932282
6	8068	4	0.935193
6	12003	0	0.966434
6	12003	1	0.966580
6	12003	2	0.968168
6	12003	3	0.969537
6	12003	4	0.975748
6	16052	0	0.080221
6	16052	1	0.199148
6	16052	2	0.301628
6	16052	3	0.410186
6	16052	4	0.492803
6	41006	0	0.135703
6	41006	1	0.694752
6	41006	2	0.737985
6	41006	3	0.778530
6	41006	4	0.813883
6	41085	0	0.129210
6	41085	1	0.301071
6	41085	2	0.438748
6	41085	3	0.562139
6	41085	4	0.648979
6	41096	0	0.083751
6	41096	1	0.203785
6	41096	2	0.311233
6	41096	3	0.655248
6	41096	4	0.723888
6	43051	0	0.516131
6	43051	1	0.763921
6	43051	2	0.774988
6	43051	3	0.790441
6	43051	4	0.804713
6	51084	0	0.949411
6	51084	1	0.949483
6	51084	2	0.949465
6	51084	3	0.949451
6	51084	4	0.948932
6	64061	0	0.364697
6	64061	1	0.492381
6	64061	2	0.608469
6	64061	3	0.722243
6	64061	4	0.872269
6	69022	0	0.100948
6	69022	1	0.288380
6	69022	2	0.399793
6	69022	3	0.518550
6	69022	4	0.606145
6	70011	0	0.212703
6	70011	1	0.795140
6	70011	2	0.821313
6	70011	3	0.856915
6	70011	4	0.871545
6	70090	0	0.077676
6	70090	1	0.182441
6	70090	2	0.276779
6	70090	3	0.374725
6	70090	4	0.660577
6	100007	0	0.950584
6	100007	1	0.950331
6	100007	2	0.949642
6	100007	3	0.948509
6	100007	4	0.947705
6	100080	0	0.903365
6	100080	1	0.905114
6	100080	2	0.906816
6	100080	3	0.910432
6	100080	4	0.911380
6	103006	0	0.075554
6	103006	1	0.187918
6	103006	2	0.285967
6	103006	3	0.389704
6	103006	4	0.468902
6	103078	0	0.126985
6	103078	1	0.324206
6	103078	2	0.909750
6	103078	3	0.933874
6	103078	4	0.946230
6	105027	0	0.107671
6	105027	1	0.289588
6	105027	2	0.431637
6	105027	3	0.556658
6	105027	4	0.669207
6	135037	0	0.922174
6	135037	1	0.927687
6	135037	2	0.932449
6	135037	3	0.940838
6	135037	4	0.943344
6	173036	0	0.130365
6	173036	1	0.295256
6	173036	2	0.427821
6	173036	3	0.569418
6	173036	4	0.678626
6	209070	0	0.145048
6	209070	1	0.296283
6	209070	2	0.455232
6	209070	3	0.624867
6	209070	4	0.698437
6	236017	0	0.113548
6	236017	1	0.285044
6	236017	2	0.441471
6	236017	3	0.623640
6	236017	4	0.700570
6	268002	0	0.227581
6	268002	1	0.361097
6	268002	2	0.493943
6	268002	3	0.602370
6	268002	4	0.680985
6	326038	0	0.119981
6	326038	1	0.267173
6	326038	2	0.429416
6	326038	3	0.543804
6	326038	4	0.626602
7	3063	0	0.981048
7	3063	1	0.981673
7	3063	2	0.981792
7	3063	3	0.982019
7	3063	4	0.981861
7	6046	0	0.467610
7	6046	1	0.469798
7	6046	2	0.519250
7	6046	3	0.522604
7	6046	4	0.526335
7	8068	0	0.907004
7	8068	1	0.908573
7	8068	2	0.912358
7	8068	3	0.914764
7	8068	4	0.921165
7	12003	0	0.966434
7	12003	1	0.966460
7	12003	2	0.966552
7	12003	3	0.967608
7	12003	4	0.967728
7	16052	0	0.027326
7	16052	1	0.072733
7	16052	2	0.118929
7	16052	3	0.174797
7	16052	4	0.227931
7	41006	0	0.048916
7	41006	1	0.129727
7	41006	2	0.232700
7	41006	3	0.317814
7	41006	4	0.403151
7	41085	0	0.037399
7	41085	1	0.104500
7	41085	2	0.170604
7	41085	3	0.243960
7	41085	4	0.314039
7	41096	0	0.036785
7	41096	1	0.096422
7	41096	2	0.154737
7	41096	3	0.444374
7	41096	4	0.447752
7	43051	0	0.427762
7	43051	1	0.489401
7	43051	2	0.583919
7	43051	3	0.774737
7	43051	4	0.782572
7	51084	0	0.049973
7	51084	1	0.952417
7	51084	2	0.952334
7	51084	3	0.951828
7	51084	4	0.948103
7	64061	0	0.050791
7	64061	1	0.142720
7	64061	2	0.242236
7	64061	3	0.358590
7	64061	4	0.625050
7	69022	0	0.027832
7	69022	1	0.079544
7	69022	2	0.132339
7	69022	3	0.197734
7	69022	4	0.256123
7	70011	0	0.095238
7	70011	1	0.226567
7	70011	2	0.345574
7	70011	3	0.695882
7	70011	4	0.729571
7	70090	0	0.024688
7	70090	1	0.067633
7	70090	2	0.111984
7	70090	3	0.163041
7	70090	4	0.209013
7	100007	0	0.950955
7	100007	1	0.953855
7	100007	2	0.954579
7	100007	3	0.953615
7	100007	4	0.950117
7	100080	0	0.029076
7	100080	1	0.077529
7	100080	2	0.164206
7	100080	3	0.893191
7	100080	4	0.894629
7	103006	0	0.021121
7	103006	1	0.058079
7	103006	2	0.096881
7	103006	3	0.143520
7	103006	4	0.186775
7	103078	0	0.030062
7	103078	1	0.086708
7	103078	2	0.141888
7	103078	3	0.208253
7	103078	4	0.269783
7	105027	0	0.022140
7	105027	1	0.065824
7	105027	2	0.111155
7	105027	3	0.163401
7	105027	4	0.217722
7	135037	0	0.097008
7	135037	1	0.927490
7	135037	2	0.927477
7	135037	3	0.930218
7	135037	4	0.927812
7	173036	0	0.042700
7	173036	1	0.118423
7	173036	2	0.189928
7	173036	3	0.271466
7	173036	4	0.338907
7	209070	0	0.042893
7	209070	1	0.116368
7	209070	2	0.187301
7	209070	3	0.312019
7	209070	4	0.399116
7	236017	0	0.029415
7	236017	1	0.088106
7	236017	2	0.143742
7	236017	3	0.211923
7	236017	4	0.274844
7	268002	0	0.077122
7	268002	1	0.214043
7	268002	2	0.350403
7	268002	3	0.456085
7	268002	4	0.531709
7	326038	0	0.035872
7	326038	1	0.094569
7	326038	2	0.155142
7	326038	3	0.231678
7	326038	4	0.297687
8	3063	0	0.980841
8	3063	1	0.981605
8	3063	2	0.981387
8	3063	3	0.980123
8	3063	4	0.979351
8	6046	0	0.516886
8	6046	1	0.524559
8	6046	2	0.532384
8	6046	3	0.834542
8	6046	4	0.840705
8	8068	0	0.922337
8	8068	1	0.927447
8	8068	2	0.931424
8	8068	3	0.935175
8	8068	4	0.937187
8	12003	0	0.966408
8	12003	1	0.966616
8	12003	2	0.966500
8	12003	3	0.966268
8	12003	4	0.967528
8	16052	0	0.073771
8	16052	1	0.183769
8	16052	2	0.281147
8	16052	3	0.376523
8	16052	4	0.450688
8	41006	0	0.150831
8	41006	1	0.715289
8	41006	2	0.760148
8	41006	3	0.794509
8	41006	4	0.818481
8	41085	0	0.174877
8	41085	1	0.376927
8	41085	2	0.525859
8	41085	3	0.645995
8	41085	4	0.725980
8	41096	0	0.438302
8	41096	1	0.629747
8	41096	2	0.639019
8	41096	3	0.648640
8	41096	4	0.656891
8	43051	0	0.425092
8	43051	1	0.572377
8	43051	2	0.763665
8	43051	3	0.769213
8	43051	4	0.775968
8	51084	0	0.948310
8	51084	1	0.948804
8	51084	2	0.948821
8	51084	3	0.947701
8	51084	4	0.946869
8	64061	0	0.370344
8	64061	1	0.494447
8	64061	2	0.593557
8	64061	3	0.721255
8	64061	4	0.790671
8	69022	0	0.181974
8	69022	1	0.338815
8	69022	2	0.486894
8	69022	3	0.581198
8	69022	4	0.661905
8	70011	0	0.275514
8	70011	1	0.781736
8	70011	2	0.808360
8	70011	3	0.837656
8	70011	4	0.849871
8	70090	0	0.110951
8	70090	1	0.256810
8	70090	2	0.372982
8	70090	3	0.690044
8	70090	4	0.776909
8	100007	0	0.949519
8	100007	1	0.950676
8	100007	2	0.950481
8	100007	3	0.947896
8	100007	4	0.943097
8	100080	0	0.896357
8	100080	1	0.898880
8	100080	2	0.899756
8	100080	3	0.901346
8	100080	4	0.904193
8	103006	0	0.076574
8	103006	1	0.185732
8	103006	2	0.282318
8	103006	3	0.381517
8	103006	4	0.460691
8	103078	0	0.173435
8	103078	1	0.443563
8	103078	2	0.926898
8	103078	3	0.934548
8	103078	4	0.944517
8	105027	0	0.067494
8	105027	1	0.176191
8	105027	2	0.276006
8	105027	3	0.374150
8	105027	4	0.467358
8	135037	0	0.926982
8	135037	1	0.928821
8	135037	2	0.927323
8	135037	3	0.924281
8	135037	4	0.917670
8	173036	0	0.111009
8	173036	1	0.256350
8	173036	2	0.372042
8	173036	3	0.480537
8	173036	4	0.561566
8	209070	0	0.132826
8	209070	1	0.352626
8	209070	2	0.513721
8	209070	3	0.608725
8	209070	4	0.708568
8	236017	0	0.131096
8	236017	1	0.316277
8	236017	2	0.458276
8	236017	3	0.664504
8	236017	4	0.729501
8	268002	0	0.295882
8	268002	1	0.454106
8	268002	2	0.574586
8	268002	3	0.671499
8	268002	4	0.744788
8	326038	0	0.113118
8	326038	1	0.260686
8	326038	2	0.384071
8	326038	3	0.538204
8	326038	4	0.636928
9	3063	0	0.981048
9	3063	1	0.982108
9	3063	2	0.982686
9	3063	3	0.982730
9	3063	4	0.983548
9	6046	0	0.020660
9	6046	1	0.059121
9	6046	2	0.097351
9	6046	3	0.137369
9	6046	4	0.174744
9	8068	0	0.026544
9	8068	1	0.916200
9	8068	2	0.922354
9	8068	3	0.926528
9	8068	4	0.929274
9	12003	0	0.966434
9	12003	1	0.966434
9	12003	2	0.966434
9	12003	3	0.966434
9	12003	4	0.966434
9	16052	0	0.028486
9	16052	1	0.080966
9	16052	2	0.133361
9	16052	3	0.188305
9	16052	4	0.238619
9	41006	0	0.031207
9	41006	1	0.079123
9	41006	2	0.125352
9	41006	3	0.177582
9	41006	4	0.221590
9	41085	0	0.037706
9	41085	1	0.103231
9	41085	2	0.166581
9	41085	3	0.229930
9	41085	4	0.288343
9	41096	0	0.026616
9	41096	1	0.070366
9	41096	2	0.111561
9	41096	3	0.160758
9	41096	4	0.444109
9	43051	0	0.368280
9	43051	1	0.414112
9	43051	2	0.483099
9	43051	3	0.549209
9	43051	4	0.565325
9	51084	0	0.328209
9	51084	1	0.329983
9	51084	2	0.945760
9	51084	3	0.945853
9	51084	4	0.945884
9	64061	0	0.037107
9	64061	1	0.100435
9	64061	2	0.231230
9	64061	3	0.398891
9	64061	4	0.437590
9	69022	0	0.388083
9	69022	1	0.389890
9	69022	2	0.391624
9	69022	3	0.393579
9	69022	4	0.395462
9	70011	0	0.099685
9	70011	1	0.229333
9	70011	2	0.359410
9	70011	3	0.478044
9	70011	4	0.821982
9	70090	0	0.038273
9	70090	1	0.099301
9	70090	2	0.156294
9	70090	3	0.218539
9	70090	4	0.268928
9	100007	0	0.047644
9	100007	1	0.950078
9	100007	2	0.950175
9	100007	3	0.949812
9	100007	4	0.947186
9	100080	0	0.021349
9	100080	1	0.056313
9	100080	2	0.089880
9	100080	3	0.129733
9	100080	4	0.895533
9	103006	0	0.441399
9	103006	1	0.443900
9	103006	2	0.114089
9	103006	3	0.162656
9	103006	4	0.203353
9	103078	0	0.031933
9	103078	1	0.089652
9	103078	2	0.145110
9	103078	3	0.202281
9	103078	4	0.256301
9	105027	0	0.031344
9	105027	1	0.087812
9	105027	2	0.142571
9	105027	3	0.203304
9	105027	4	0.262710
9	135037	0	0.883543
9	135037	1	0.914028
9	135037	2	0.915339
9	135037	3	0.916810
9	135037	4	0.918769
9	173036	0	0.050412
9	173036	1	0.127032
9	173036	2	0.202803
9	173036	3	0.288539
9	173036	4	0.355386
9	209070	0	0.035691
9	209070	1	0.096086
9	209070	2	0.153347
9	209070	3	0.216698
9	209070	4	0.271484
9	236017	0	0.034787
9	236017	1	0.094526
9	236017	2	0.151450
9	236017	3	0.213348
9	236017	4	0.267114
9	268002	0	0.063706
9	268002	1	0.151147
9	268002	2	0.311082
9	268002	3	0.386409
9	268002	4	0.452623
9	326038	0	0.049741
9	326038	1	0.124681
9	326038	2	0.194811
9	326038	3	0.260804
9	326038	4	0.322136
10	3063	0	0.980426
10	3063	1	0.980538
10	3063	2	0.980136
10	3063	3	0.979634
10	3063	4	0.978835
10	6046	0	0.520914
10	6046	1	0.876278
10	6046	2	0.888340
10	6046	3	0.908516
10	6046	4	0.915423
10	8068	0	0.909854
10	8068	1	0.930859
10	8068	2	0.935436
10	8068	3	0.941333
10	8068	4	0.944362
10	12003	0	0.967500
10	12003	1	0.967533
10	12003	2	0.968716
10	12003	3	0.969111
10	12003	4	0.969008
10	16052	0	0.083582
10	16052	1	0.213565
10	16052	2	0.320791
10	16052	3	0.416121
10	16052	4	0.500949
10	41006	0	0.121744
10	41006	1	0.316215
10	41006	2	0.444077
10	41006	3	0.825740
10	41006	4	0.852317
10	41085	0	0.128409
10	41085	1	0.292328
10	41085	2	0.415564
10	41085	3	0.528320
10	41085	4	0.607072
10	41096	0	0.134195
10	41096	1	0.579971
10	41096	2	0.687696
10	41096	3	0.737164
10	41096	4	0.780668
10	43051	0	0.520090
10	43051	1	0.754436
10	43051	2	0.765459
10	43051	3	0.775176
10	43051	4	0.781140
10	51084	0	0.947959
10	51084	1	0.948110
10	51084	2	0.948157
10	51084	3	0.947603
10	51084	4	0.947109
10	64061	0	0.200265
10	64061	1	0.457815
10	64061	2	0.548497
10	64061	3	0.644408
10	64061	4	0.776464
10	69022	0	0.117483
10	69022	1	0.273684
10	69022	2	0.478069
10	69022	3	0.573094
10	69022	4	0.649211
10	70011	0	0.572554
10	70011	1	0.695941
10	70011	2	0.799865
10	70011	3	0.831184
10	70011	4	0.848889
10	70090	0	0.117929
10	70090	1	0.258773
10	70090	2	0.627640
10	70090	3	0.684975
10	70090	4	0.769596
10	100007	0	0.950078
10	100007	1	0.950482
10	100007	2	0.949610
10	100007	3	0.946244
10	100007	4	0.940846
10	100080	0	0.902369
10	100080	1	0.903812
10	100080	2	0.905233
10	100080	3	0.907119
10	100080	4	0.907503
10	103006	0	0.113272
10	103006	1	0.255098
10	103006	2	0.402032
10	103006	3	0.484049
10	103006	4	0.563297
10	103078	0	0.248180
10	103078	1	0.477932
10	103078	2	0.925228
10	103078	3	0.928124
10	103078	4	0.931510
10	105027	0	0.072888
10	105027	1	0.183793
10	105027	2	0.284368
10	105027	3	0.417429
10	105027	4	0.498827
10	135037	0	0.908406
10	135037	1	0.911624
10	135037	2	0.917496
10	135037	3	0.919598
10	135037	4	0.919252
10	173036	0	0.107191
10	173036	1	0.226590
10	173036	2	0.325448
10	173036	3	0.428135
10	173036	4	0.503400
10	209070	0	0.150330
10	209070	1	0.378094
10	209070	2	0.506819
10	209070	3	0.619078
10	209070	4	0.688002
10	236017	0	0.073192
10	236017	1	0.186474
10	236017	2	0.286240
10	236017	3	0.380992
10	236017	4	0.455249
10	268002	0	0.176106
10	268002	1	0.326418
10	268002	2	0.426427
10	268002	3	0.525771
10	268002	4	0.610835
10	326038	0	0.135878
10	326038	1	0.299978
10	326038	2	0.468023
10	326038	3	0.580659
10	326038	4	0.668640
11	3063	0	0.981319
11	3063	1	0.982287
11	3063	2	0.982054
11	3063	3	0.981471
11	3063	4	0.980170
11	6046	0	0.043714
11	6046	1	0.123776
11	6046	2	0.199720
11	6046	3	0.277355
11	6046	4	0.818201
11	8068	0	0.913613
11	8068	1	0.918053
11	8068	2	0.922623
11	8068	3	0.933466
11	8068	4	0.936731
11	12003	0	0.966527
11	12003	1	0.966767
11	12003	2	0.966674
11	12003	3	0.967497
11	12003	4	0.967761
11	16052	0	0.071496
11	16052	1	0.190124
11	16052	2	0.297634
11	16052	3	0.410401
11	16052	4	0.502790
11	41006	0	0.109030
11	41006	1	0.261039
11	41006	2	0.735905
11	41006	3	0.766460
11	41006	4	0.791694
11	41085	0	0.088659
11	41085	1	0.216420
11	41085	2	0.329654
11	41085	3	0.442890
11	41085	4	0.527947
11	41096	0	0.080016
11	41096	1	0.203245
11	41096	2	0.316412
11	41096	3	0.704131
11	41096	4	0.737556
11	43051	0	0.399152
11	43051	1	0.533827
11	43051	2	0.581662
11	43051	3	0.771905
11	43051	4	0.782393
11	51084	0	0.949529
11	51084	1	0.949691
11	51084	2	0.949576
11	51084	3	0.948295
11	51084	4	0.945871
11	64061	0	0.339066
11	64061	1	0.439799
11	64061	2	0.531237
11	64061	3	0.626337
11	64061	4	0.726837
11	69022	0	0.057347
11	69022	1	0.216726
11	69022	2	0.329125
11	69022	3	0.435264
11	69022	4	0.504167
11	70011	0	0.158253
11	70011	1	0.782228
11	70011	2	0.809776
11	70011	3	0.845369
11	70011	4	0.868459
11	70090	0	0.071851
11	70090	1	0.190070
11	70090	2	0.298981
11	70090	3	0.388153
11	70090	4	0.666837
11	100007	0	0.950211
11	100007	1	0.953514
11	100007	2	0.953450
11	100007	3	0.951708
11	100007	4	0.949326
11	100080	0	0.889271
11	100080	1	0.894727
11	100080	2	0.897712
11	100080	3	0.900128
11	100080	4	0.900898
11	103006	0	0.077799
11	103006	1	0.201800
11	103006	2	0.313374
11	103006	3	0.418957
11	103006	4	0.506182
11	103078	0	0.101448
11	103078	1	0.267415
11	103078	2	0.413583
11	103078	3	0.921924
11	103078	4	0.933566
11	105027	0	0.073242
11	105027	1	0.192083
11	105027	2	0.302659
11	105027	3	0.440678
11	105027	4	0.515113
11	135037	0	0.918755
11	135037	1	0.924009
11	135037	2	0.936144
11	135037	3	0.943458
11	135037	4	0.942359
11	173036	0	0.066317
11	173036	1	0.167285
11	173036	2	0.259959
11	173036	3	0.361681
11	173036	4	0.434729
11	209070	0	0.153898
11	209070	1	0.295355
11	209070	2	0.424514
11	209070	3	0.569220
11	209070	4	0.667899
11	236017	0	0.139029
11	236017	1	0.331040
11	236017	2	0.491499
11	236017	3	0.694442
11	236017	4	0.765214
11	268002	0	0.144451
11	268002	1	0.236490
11	268002	2	0.244635
11	268002	3	0.249040
11	268002	4	0.251633
11	326038	0	0.108680
11	326038	1	0.246783
11	326038	2	0.368892
11	326038	3	0.523567
11	326038	4	0.609618
12	3063	0	0.979077
12	3063	1	0.979800
12	3063	2	0.978273
12	3063	3	0.959968
12	3063	4	0.954596
12	6046	0	0.518566
12	6046	1	0.525722
12	6046	2	0.532730
12	6046	3	0.843741
12	6046	4	0.849361
12	8068	0	0.922542
12	8068	1	0.928503
12	8068	2	0.934722
12	8068	3	0.942771
12	8068	4	0.947996
12	12003	0	0.967750
12	12003	1	0.968092
12	12003	2	0.968073
12	12003	3	0.972434
12	12003	4	0.970670
12	16052	0	0.107638
12	16052	1	0.225209
12	16052	2	0.323659
12	16052	3	0.420796
12	16052	4	0.493569
12	41006	0	0.132740
12	41006	1	0.303224
12	41006	2	0.751675
12	41006	3	0.780959
12	41006	4	0.802308
12	41085	0	0.097799
12	41085	1	0.227423
12	41085	2	0.334593
12	41085	3	0.428962
12	41085	4	0.499614
12	41096	0	0.438421
12	41096	1	0.444503
12	41096	2	0.450624
12	41096	3	0.646991
12	41096	4	0.652502
12	43051	0	0.269949
12	43051	1	0.771994
12	43051	2	0.774375
12	43051	3	0.778405
12	43051	4	0.778426
12	51084	0	0.948504
12	51084	1	0.948644
12	51084	2	0.948767
12	51084	3	0.948127
12	51084	4	0.947405
12	64061	0	0.222511
12	64061	1	0.364622
12	64061	2	0.626055
12	64061	3	0.704492
12	64061	4	0.826516
12	69022	0	0.391523
12	69022	1	0.399017
12	69022	2	0.406480
12	69022	3	0.413908
12	69022	4	0.421329
12	70011	0	0.153866
12	70011	1	0.327419
12	70011	2	0.654916
12	70011	3	0.795949
12	70011	4	0.795234
12	70090	0	0.065236
12	70090	1	0.160724
12	70090	2	0.250691
12	70090	3	0.330977
12	70090	4	0.393469
12	100007	0	0.943356
12	100007	1	0.941061
12	100007	2	0.934891
12	100007	3	0.919556
12	100007	4	0.896170
12	100080	0	0.901935
12	100080	1	0.909347
12	100080	2	0.911768
12	100080	3	0.911988
12	100080	4	0.910193
12	103006	0	0.445247
12	103006	1	0.453837
12	103006	2	0.462359
12	103006	3	0.470658
12	103006	4	0.478848
12	103078	0	0.388132
12	103078	1	0.392657
12	103078	2	0.397698
12	103078	3	0.403055
12	103078	4	0.407576
12	105027	0	0.320441
12	105027	1	0.328824
12	105027	2	0.709900
12	105027	3	0.790036
12	105027	4	0.832101
12	135037	0	0.919701
12	135037	1	0.922207
12	135037	2	0.921184
12	135037	3	0.918572
12	135037	4	0.906690
12	173036	0	0.119515
12	173036	1	0.280773
12	173036	2	0.414205
12	173036	3	0.534294
12	173036	4	0.612040
12	209070	0	0.178856
12	209070	1	0.475256
12	209070	2	0.569445
12	209070	3	0.689719
12	209070	4	0.735376
12	236017	0	0.302993
12	236017	1	0.305852
12	236017	2	0.308758
12	236017	3	0.311917
12	236017	4	0.314826
12	268002	0	0.212909
12	268002	1	0.402382
12	268002	2	0.531977
12	268002	3	0.621540
12	268002	4	0.685097
12	326038	0	0.174002
12	326038	1	0.353089
12	326038	2	0.505927
12	326038	3	0.613107
12	326038	4	0.691931
13	3063	0	0.981454
13	3063	1	0.982615
13	3063	2	0.983238
13	3063	3	0.983649
13	3063	4	0.982284
13	6046	0	0.519437
13	6046	1	0.529811
13	6046	2	0.834739
13	6046	3	0.843566
13	6046	4	0.907043
13	8068	0	0.927976
13	8068	1	0.939238
13	8068	2	0.947147
13	8068	3	0.951643
13	8068	4	0.956445
13	12003	0	0.966630
13	12003	1	0.966881
13	12003	2	0.967216
13	12003	3	0.969286
13	12003	4	0.970685
13	16052	0	0.322650
13	16052	1	0.862922
13	16052	2	0.898216
13	16052	3	0.906404
13	16052	4	0.912174
13	41006	0	0.726224
13	41006	1	0.812248
13	41006	2	0.864848
13	41006	3	0.898732
13	41006	4	0.919089
13	41085	0	0.195355
13	41085	1	0.429215
13	41085	2	0.598477
13	41085	3	0.712885
13	41085	4	0.789787
13	41096	0	0.623729
13	41096	1	0.638320
13	41096	2	0.652877
13	41096	3	0.670476
13	41096	4	0.684519
13	43051	0	0.774142
13	43051	1	0.790225
13	43051	2	0.796210
13	43051	3	0.802993
13	43051	4	0.806575
13	51084	0	0.950419
13	51084	1	0.951219
13	51084	2	0.951437
13	51084	3	0.950213
13	51084	4	0.949295
13	64061	0	0.524967
13	64061	1	0.861826
13	64061	2	0.902890
13	64061	3	0.927605
13	64061	4	0.935380
13	69022	0	0.323617
13	69022	1	0.517130
13	69022	2	0.625666
13	69022	3	0.743143
13	69022	4	0.815649
13	70011	0	0.790718
13	70011	1	0.831822
13	70011	2	0.857898
13	70011	3	0.876511
13	70011	4	0.881376
13	70090	0	0.565371
13	70090	1	0.638095
13	70090	2	0.706885
13	70090	3	0.826272
13	70090	4	0.851137
13	100007	0	0.951235
13	100007	1	0.954358
13	100007	2	0.954839
13	100007	3	0.956155
13	100007	4	0.950525
13	100080	0	0.892403
13	100080	1	0.895955
13	100080	2	0.896761
13	100080	3	0.897630
13	100080	4	0.898174
13	103006	0	0.187223
13	103006	1	0.413169
13	103006	2	0.557298
13	103006	3	0.665742
13	103006	4	0.762204
13	103078	0	0.163988
13	103078	1	0.405227
13	103078	2	0.929241
13	103078	3	0.942065
13	103078	4	0.951591
13	105027	0	0.143999
13	105027	1	0.386882
13	105027	2	0.515968
13	105027	3	0.670569
13	105027	4	0.735917
13	135037	0	0.935752
13	135037	1	0.943790
13	135037	2	0.938684
13	135037	3	0.921513
13	135037	4	0.905777
13	173036	0	0.293552
13	173036	1	0.534158
13	173036	2	0.692876
13	173036	3	0.815735
13	173036	4	0.872569
13	209070	0	0.412767
13	209070	1	0.595549
13	209070	2	0.778303
13	209070	3	0.855983
13	209070	4	0.905472
13	236017	0	0.251825
13	236017	1	0.605772
13	236017	2	0.712340
13	236017	3	0.798640
13	236017	4	0.847538
13	268002	0	0.275815
13	268002	1	0.472069
13	268002	2	0.618955
13	268002	3	0.732956
13	268002	4	0.807376
13	326038	0	0.211561
13	326038	1	0.493554
13	326038	2	0.636766
13	326038	3	0.880110
13	326038	4	0.906168
14	3063	0	0.982151
14	3063	1	0.982156
14	3063	2	0.982141
14	3063	3	0.981577
14	3063	4	0.980305
14	6046	0	0.039997
14	6046	1	0.109218
14	6046	2	0.174359
14	6046	3	0.242471
14	6046	4	0.800958
14	8068	0	0.913106
14	8068	1	0.919928
14	8068	2	0.922137
14	8068	3	0.924746
14	8068	4	0.926798
14	12003	0	0.966434
14	12003	1	0.966434
14	12003	2	0.966434
14	12003	3	0.966434
14	12003	4	0.966567
14	16052	0	0.074474
14	16052	1	0.183549
14	16052	2	0.273573
14	16052	3	0.371286
14	16052	4	0.448619
14	41006	0	0.129091
14	41006	1	0.270629
14	41006	2	0.377132
14	41006	3	0.751227
14	41006	4	0.762108
14	41085	0	0.054599
14	41085	1	0.138133
14	41085	2	0.216185
14	41085	3	0.295113
14	41085	4	0.364211
14	41096	0	0.044660
14	41096	1	0.112918
14	41096	2	0.182127
14	41096	3	0.254335
14	41096	4	0.315697
14	43051	0	0.457190
14	43051	1	0.535672
14	43051	2	0.567869
14	43051	3	0.752883
14	43051	4	0.757319
14	51084	0	0.950406
14	51084	1	0.950420
14	51084	2	0.950168
14	51084	3	0.948635
14	51084	4	0.946236
14	64061	0	0.188358
14	64061	1	0.450392
14	64061	2	0.539926
14	64061	3	0.650677
14	64061	4	0.704554
14	69022	0	0.047007
14	69022	1	0.132245
14	69022	2	0.214191
14	69022	3	0.338764
14	69022	4	0.402525
14	70011	0	0.153740
14	70011	1	0.331919
14	70011	2	0.789438
14	70011	3	0.826851
14	70011	4	0.841836
14	70090	0	0.054115
14	70090	1	0.135629
14	70090	2	0.213179
14	70090	3	0.289252
14	70090	4	0.350103
14	100007	0	0.950184
14	100007	1	0.950491
14	100007	2	0.948640
14	100007	3	0.945769
14	100007	4	0.942216
14	100080	0	0.056883
14	100080	1	0.901642
14	100080	2	0.902213
14	100080	3	0.902453
14	100080	4	0.903463
14	103006	0	0.034886
14	103006	1	0.094939
14	103006	2	0.153703
14	103006	3	0.212111
14	103006	4	0.266116
14	103078	0	0.083076
14	103078	1	0.209630
14	103078	2	0.313883
14	103078	3	0.408852
14	103078	4	0.494423
14	105027	0	0.047645
14	105027	1	0.127823
14	105027	2	0.203641
14	105027	3	0.285748
14	105027	4	0.354983
14	135037	0	0.909768
14	135037	1	0.928800
14	135037	2	0.926125
14	135037	3	0.924351
14	135037	4	0.920278
14	173036	0	0.075236
14	173036	1	0.187424
14	173036	2	0.285306
14	173036	3	0.381601
14	173036	4	0.461375
14	209070	0	0.082945
14	209070	1	0.234459
14	209070	2	0.324821
14	209070	3	0.442192
14	209070	4	0.512472
14	236017	0	0.064682
14	236017	1	0.175137
14	236017	2	0.276182
14	236017	3	0.377532
14	236017	4	0.452883
14	268002	0	0.140479
14	268002	1	0.346311
14	268002	2	0.445345
14	268002	3	0.544000
14	268002	4	0.618245
14	326038	0	0.079259
14	326038	1	0.192999
14	326038	2	0.294786
14	326038	3	0.393624
14	326038	4	0.477113
