# participant_id	file_id	dilation_radius	dsc
2	3063	0	0.980987
2	3063	1	0.980970
2	3063	2	0.981313
2	3063	3	0.981893
2	3063	4	0.980847
2	6046	0	0.001533
2	6046	1	0.008062
2	6046	2	0.020994
2	6046	3	0.045138
2	6046	4	0.074033
2	8068	0	0.001784
2	8068	1	0.018748
2	8068	2	0.032149
2	8068	3	0.919887
2	8068	4	0.921892
2	12003	0	0.001501
2	12003	1	0.007778
2	12003	2	0.019921
2	12003	3	0.967987
2	12003	4	0.968192
2	16052	0	0.002841
2	16052	1	0.015790
2	16052	2	0.040080
2	16052	3	0.084068
2	16052	4	0.135819
2	41006	0	0.005222
2	41006	1	0.027072
2	41006	2	0.063649
2	41006	3	0.146501
2	41006	4	0.210872
2	41085	0	0.002707
2	41085	1	0.014719
2	41085	2	0.035465
2	41085	3	0.075783
2	41085	4	0.119767
2	41096	0	0.434569
2	41096	1	0.434816
2	41096	2	0.435299
2	41096	3	0.436214
2	41096	4	0.437356
2	43051	0	0.267975
2	43051	1	0.268122
2	43051	2	0.268408
2	43051	3	0.268963
2	43051	4	0.269655
2	51084	0	0.002513
2	51084	1	0.012958
2	51084	2	0.033717
2	51084	3	0.073285
2	51084	4	0.949274
2	64061	0	0.161293
2	64061	1	0.161399
2	64061	2	0.161601
2	64061	3	0.161966
2	64061	4	0.162442
2	69022	0	0.387201
2	69022	1	0.387533
2	69022	2	0.388167
2	69022	3	0.389422
2	69022	4	0.390983
2	70011	0	0.008429
2	70011	1	0.046628
2	70011	2	0.107499
2	70011	3	0.226780
2	70011	4	0.323605
2	70090	0	0.001704
2	70090	1	0.009424
2	70090	2	0.023545
2	70090	3	0.049676
2	70090	4	0.081256
2	100007	0	0.006486
2	100007	1	0.033049
2	100007	2	0.953691
2	100007	3	0.954055
2	100007	4	0.953136
2	100080	0	0.002727
2	100080	1	0.015595
2	100080	2	0.039684
2	100080	3	0.082099
2	100080	4	0.898265
2	103006	0	0.440154
2	103006	1	0.440544
2	103006	2	0.441318
2	103006	3	0.442783
2	103006	4	0.444706
2	103078	0	0.002571
2	103078	1	0.014056
2	103078	2	0.035037
2	103078	3	0.073520
2	103078	4	0.120705
2	105027	0	0.314152
2	105027	1	0.314419
2	105027	2	0.314883
2	105027	3	0.315829
2	105027	4	0.317010
2	135037	0	0.005320
2	135037	1	0.026291
2	135037	2	0.072236
2	135037	3	0.931366
2	135037	4	0.926634
2	173036	0	0.003152
2	173036	1	0.018398
2	173036	2	0.044303
2	173036	3	0.093507
2	173036	4	0.149101
2	209070	0	0.003261
2	209070	1	0.017563
2	209070	2	0.042648
2	209070	3	0.086913
2	209070	4	0.139180
2	236017	0	0.003208
2	236017	1	0.017369
2	236017	2	0.041993
2	236017	3	0.087096
2	236017	4	0.138704
2	268002	0	0.006320
2	268002	1	0.033967
2	268002	2	0.088471
2	268002	3	0.176700
2	268002	4	0.315831
2	326038	0	0.004119
2	326038	1	0.022845
2	326038	2	0.058181
2	326038	3	0.118997
2	326038	4	0.188842
3	3063	0	0.001577
3	3063	1	0.980963
3	3063	2	0.981027
3	3063	3	0.981613
3	3063	4	0.981429
3	6046	0	0.466390
3	6046	1	0.466734
3	6046	2	0.467400
3	6046	3	0.468700
3	6046	4	0.517252
3	8068	0	0.001487
3	8068	1	0.007648
3	8068	2	0.028627
3	8068	3	0.907544
3	8068	4	0.908485
3	12003	0	0.411199
3	12003	1	0.005590
3	12003	2	0.014362
3	12003	3	0.412285
3	12003	4	0.966434
3	16052	0	0.001777
3	16052	1	0.009555
3	16052	2	0.024054
3	16052	3	0.050547
3	16052	4	0.083177
3	41006	0	0.003021
3	41006	1	0.016384
3	41006	2	0.040656
3	41006	3	0.082851
3	41006	4	0.135418
3	41085	0	0.001991
3	41085	1	0.010469
3	41085	2	0.027754
3	41085	3	0.058887
3	41085	4	0.094641
3	41096	0	0.001352
3	41096	1	0.006976
3	41096	2	0.017393
3	41096	3	0.037043
3	41096	4	0.061391
3	43051	0	0.001757
3	43051	1	0.009085
3	43051	2	0.022517
3	43051	3	0.378185
3	43051	4	0.393188
3	51084	0	0.327284
3	51084	1	0.327397
3	51084	2	0.327626
3	51084	3	0.328096
3	51084	4	0.328669
3	64061	0	0.002949
3	64061	1	0.016405
3	64061	2	0.039236
3	64061	3	0.168780
3	64061	4	0.216223
3	69022	0	0.001348
3	69022	1	0.006884
3	69022	2	0.018659
3	69022	3	0.039620
3	69022	4	0.064797
3	70011	0	0.004225
3	70011	1	0.020060
3	70011	2	0.051841
3	70011	3	0.104766
3	70011	4	0.165860
3	70090	0	0.000987
3	70090	1	0.005371
3	70090	2	0.013904
3	70090	3	0.449251
3	70090	4	0.450101
3	100007	0	0.007205
3	100007	1	0.036906
3	100007	2	0.950271
3	100007	3	0.950955
3	100007	4	0.952075
3	100080	0	0.001132
3	100080	1	0.007101
3	100080	2	0.325919
3	100080	3	0.326259
3	100080	4	0.326697
3	103006	0	0.001468
3	103006	1	0.007502
3	103006	2	0.019190
3	103006	3	0.041143
3	103006	4	0.068270
3	103078	0	0.002479
3	103078	1	0.013695
3	103078	2	0.034067
3	103078	3	0.073494
3	103078	4	0.119696
3	105027	0	0.002084
3	105027	1	0.010993
3	105027	2	0.027896
3	105027	3	0.060061
3	105027	4	0.098986
3	135037	0	0.003267
3	135037	1	0.016393
3	135037	2	0.041442
3	135037	3	0.907353
3	135037	4	0.908568
3	173036	0	0.002041
3	173036	1	0.011814
3	173036	2	0.029907
3	173036	3	0.061814
3	173036	4	0.099854
3	209070	0	0.002611
3	209070	1	0.014516
3	209070	2	0.037276
3	209070	3	0.078239
3	209070	4	0.126004
3	236017	0	0.002188
3	236017	1	0.011326
3	236017	2	0.029062
3	236017	3	0.062001
3	236017	4	0.103007
3	268002	0	0.003797
3	268002	1	0.023187
3	268002	2	0.053962
3	268002	3	0.108949
3	268002	4	0.256327
3	326038	0	0.002988
3	326038	1	0.018199
3	326038	2	0.043307
3	326038	3	0.089121
3	326038	4	0.143466
4	3063	0	0.269819
4	3063	1	0.269879
4	3063	2	0.982093
4	3063	3	0.981979
4	3063	4	0.981624
4	6046	0	0.466346
4	6046	1	0.466499
4	6046	2	0.466780
4	6046	3	0.467352
4	6046	4	0.468062
4	8068	0	0.357491
4	8068	1	0.357537
4	8068	2	0.357628
4	8068	3	0.357811
4	8068	4	0.358042
4	12003	0	0.411191
4	12003	1	0.411322
4	12003	2	0.411565
4	12003	3	0.412032
4	12003	4	0.412639
4	16052	0	0.254329
4	16052	1	0.254407
4	16052	2	0.254557
4	16052	3	0.254864
4	16052	4	0.255240
4	41006	0	0.200308
4	41006	1	0.200350
4	41006	2	0.200434
4	41006	3	0.200602
4	41006	4	0.200813
4	41085	0	0.279531
4	41085	1	0.279615
4	41085	2	0.279774
4	41085	3	0.280099
4	41085	4	0.280508
4	41096	0	0.434542
4	41096	1	0.434666
4	41096	2	0.434915
4	41096	3	0.435419
4	41096	4	0.436037
4	43051	0	0.267946
4	43051	1	0.267973
4	43051	2	0.268021
4	43051	3	0.268118
4	43051	4	0.268244
4	51084	0	0.327298
4	51084	1	0.327472
4	51084	2	0.327838
4	51084	3	0.328517
4	51084	4	0.329386
4	64061	0	0.003097
4	64061	1	0.015533
4	64061	2	0.040223
4	64061	3	0.164719
4	64061	4	0.206619
4	69022	0	0.387157
4	69022	1	0.387278
4	69022	2	0.387501
4	69022	3	0.387955
4	69022	4	0.388537
4	70011	0	0.002717
4	70011	1	0.013211
4	70011	2	0.032957
4	70011	3	0.067016
4	70011	4	0.120887
4	70090	0	0.447986
4	70090	1	0.448067
4	70090	2	0.448230
4	70090	3	0.448554
4	70090	4	0.448961
4	100007	0	0.069186
4	100007	1	0.024247
4	100007	2	0.057743
4	100007	3	0.949233
4	100007	4	0.948353
4	100080	0	0.325659
4	100080	1	0.325729
4	100080	2	0.325871
4	100080	3	0.326158
4	100080	4	0.326510
4	103006	0	0.440081
4	103006	1	0.440154
4	103006	2	0.440303
4	103006	3	0.440588
4	103006	4	0.440952
4	103078	0	0.247024
4	103078	1	0.247095
4	103078	2	0.247236
4	103078	3	0.247501
4	103078	4	0.247845
4	105027	0	0.314122
4	105027	1	0.314228
4	105027	2	0.314431
4	105027	3	0.314844
4	105027	4	0.315361
4	135037	0	0.139910
4	135037	1	0.139977
4	135037	2	0.140113
4	135037	3	0.926133
4	135037	4	0.928903
4	173036	0	0.244887
4	173036	1	0.244976
4	173036	2	0.245155
4	173036	3	0.245512
4	173036	4	0.245961
4	209070	0	0.273772
4	209070	1	0.010318
4	209070	2	0.025477
4	209070	3	0.056038
4	209070	4	0.092676
4	236017	0	0.301368
4	236017	1	0.301465
4	236017	2	0.301658
4	236017	3	0.302029
4	236017	4	0.302503
4	268002	0	0.078513
4	268002	1	0.029508
4	268002	2	0.075174
4	268002	3	0.198784
4	268002	4	0.278532
4	326038	0	0.223085
4	326038	1	0.223151
4	326038	2	0.223282
4	326038	3	0.223532
4	326038	4	0.223849
5	3063	0	0.981070
5	3063	1	0.981651
5	3063	2	0.981762
5	3063	3	0.981962
5	3063	4	0.981826
5	6046	0	0.002128
5	6046	1	0.011269
5	6046	2	0.028473
5	6046	3	0.062199
5	6046	4	0.103099
5	8068	0	0.013067
5	8068	1	0.026600
5	8068	2	0.909441
5	8068	3	0.916874
5	8068	4	0.921558
5	12003	0	0.001750
5	12003	1	0.009515
5	12003	2	0.024034
5	12003	3	0.968091
5	12003	4	0.968260
5	16052	0	0.001777
5	16052	1	0.009469
5	16052	2	0.024504
5	16052	3	0.052385
5	16052	4	0.086191
5	41006	0	0.005339
5	41006	1	0.029122
5	41006	2	0.069043
5	41006	3	0.141116
5	41006	4	0.216634
5	41085	0	0.002787
5	41085	1	0.016213
5	41085	2	0.039240
5	41085	3	0.080575
5	41085	4	0.130641
5	41096	0	0.434569
5	41096	1	0.434802
5	41096	2	0.435264
5	41096	3	0.436188
5	41096	4	0.437347
5	43051	0	0.004345
5	43051	1	0.021618
5	43051	2	0.384921
5	43051	3	0.418632
5	43051	4	0.490101
5	51084	0	0.002579
5	51084	1	0.013481
5	51084	2	0.033908
5	51084	3	0.075299
5	51084	4	0.949521
5	64061	0	0.007211
5	64061	1	0.040090
5	64061	2	0.099368
5	64061	3	0.397213
5	64061	4	0.466840
5	69022	0	0.002910
5	69022	1	0.014785
5	69022	2	0.038323
5	69022	3	0.088307
5	69022	4	0.138535
5	70011	0	0.007532
5	70011	1	0.040012
5	70011	2	0.108665
5	70011	3	0.209701
5	70011	4	0.309727
5	70090	0	0.002107
5	70090	1	0.011468
5	70090	2	0.028097
5	70090	3	0.063437
5	70090	4	0.101605
5	100007	0	0.008998
5	100007	1	0.045230
5	100007	2	0.952302
5	100007	3	0.952163
5	100007	4	0.952503
5	100080	0	0.001398
5	100080	1	0.008158
5	100080	2	0.020696
5	100080	3	0.042181
5	100080	4	0.070981
5	103006	0	0.003484
5	103006	1	0.018380
5	103006	2	0.046285
5	103006	3	0.100815
5	103006	4	0.158973
5	103078	0	0.003762
5	103078	1	0.018849
5	103078	2	0.049224
5	103078	3	0.105451
5	103078	4	0.167663
5	105027	0	0.004717
5	105027	1	0.314563
5	105027	2	0.315384
5	105027	3	0.316969
5	105027	4	0.319021
5	135037	0	0.005496
5	135037	1	0.026499
5	135037	2	0.867359
5	135037	3	0.893342
5	135037	4	0.922992
5	173036	0	0.003522
5	173036	1	0.019765
5	173036	2	0.049971
5	173036	3	0.104531
5	173036	4	0.168409
5	209070	0	0.003995
5	209070	1	0.019414
5	209070	2	0.047915
5	209070	3	0.101829
5	209070	4	0.161134
5	236017	0	0.003062
5	236017	1	0.016078
5	236017	2	0.040549
5	236017	3	0.087269
5	236017	4	0.141712
5	268002	0	0.006636
5	268002	1	0.036420
5	268002	2	0.094548
5	268002	3	0.275787
5	268002	4	0.357841
5	326038	0	0.004016
5	326038	1	0.022143
5	326038	2	0.056160
5	326038	3	0.111912
5	326038	4	0.180496
6	3063	0	0.980984
6	3063	1	0.981112
6	3063	2	0.981155
6	3063	3	0.981288
6	3063	4	0.981333
6	6046	0	0.002213
6	6046	1	0.011311
6	6046	2	0.029507
6	6046	3	0.063633
6	6046	4	0.102797
6	8068	0	0.357577
6	8068	1	0.357979
6	8068	2	0.917030
6	8068	3	0.919142
6	8068	4	0.921550
6	12003	0	0.004146
6	12003	1	0.966474
6	12003	2	0.966580
6	12003	3	0.966862
6	12003	4	0.968504
6	16052	0	0.002220
6	16052	1	0.012459
6	16052	2	0.030040
6	16052	3	0.066116
6	16052	4	0.108163
6	41006	0	0.004760
6	41006	1	0.025838
6	41006	2	0.062394
6	41006	3	0.128016
6	41006	4	0.205134
6	41085	0	0.004137
6	41085	1	0.022936
6	41085	2	0.057461
6	41085	3	0.120908
6	41085	4	0.192014
6	41096	0	0.004145
6	41096	1	0.023157
6	41096	2	0.058092
6	41096	3	0.438917
6	41096	4	0.442002
6	43051	0	0.003761
6	43051	1	0.020468
6	43051	2	0.379296
6	43051	3	0.442997
6	43051	4	0.537592
6	51084	0	0.002182
6	51084	1	0.011192
6	51084	2	0.028649
6	51084	3	0.061784
6	51084	4	0.949510
6	64061	0	0.006331
6	64061	1	0.033824
6	64061	2	0.168140
6	64061	3	0.249436
6	64061	4	0.445244
6	69022	0	0.004147
6	69022	1	0.021145
6	69022	2	0.054491
6	69022	3	0.115718
6	69022	4	0.195595
6	70011	0	0.006331
6	70011	1	0.035051
6	70011	2	0.085838
6	70011	3	0.172585
6	70011	4	0.266528
6	70090	0	0.001973
6	70090	1	0.010579
6	70090	2	0.025955
6	70090	3	0.056334
6	70090	4	0.091749
6	100007	0	0.012574
6	100007	1	0.950078
6	100007	2	0.950377
6	100007	3	0.950055
6	100007	4	0.949354
6	100080	0	0.002727
6	100080	1	0.014676
6	100080	2	0.036990
6	100080	3	0.076736
6	100080	4	0.901081
6	103006	0	0.440170
6	103006	1	0.440613
6	103006	2	0.441524
6	103006	3	0.443213
6	103006	4	0.445377
6	103078	0	0.003945
6	103078	1	0.020382
6	103078	2	0.052196
6	103078	3	0.111044
6	103078	4	0.178760
6	105027	0	0.004301
6	105027	1	0.022616
6	105027	2	0.057527
6	105027	3	0.122892
6	105027	4	0.197753
6	135037	0	0.004125
6	135037	1	0.021300
6	135037	2	0.861958
6	135037	3	0.866508
6	135037	4	0.869687
6	173036	0	0.004077
6	173036	1	0.021856
6	173036	2	0.056385
6	173036	3	0.115652
6	173036	4	0.183372
6	209070	0	0.002855
6	209070	1	0.015723
6	209070	2	0.039398
6	209070	3	0.083744
6	209070	4	0.171023
6	236017	0	0.003353
6	236017	1	0.017946
6	236017	2	0.044687
6	236017	3	0.096519
6	236017	4	0.155720
6	268002	0	0.007266
6	268002	1	0.042817
6	268002	2	0.097995
6	268002	3	0.202250
6	268002	4	0.392655
6	326038	0	0.003913
6	326038	1	0.022947
6	326038	2	0.055369
6	326038	3	0.116567
6	326038	4	0.189151
7	3063	0	0.269801
7	3063	1	0.269832
7	3063	2	0.269892
7	3063	3	0.981447
7	3063	4	0.981766
7	6046	0	0.466342
7	6046	1	0.466474
7	6046	2	0.466729
7	6046	3	0.467254
7	6046	4	0.467841
7	8068	0	0.000595
7	8068	1	0.012656
7	8068	2	0.017053
7	8068	3	0.025616
7	8068	4	0.036056
7	12003	0	0.000751
7	12003	1	0.003947
7	12003	2	0.010556
7	12003	3	0.022665
7	12003	4	0.037862
7	16052	0	0.000889
7	16052	1	0.004878
7	16052	2	0.012635
7	16052	3	0.027103
7	16052	4	0.044597
7	41006	0	0.002789
7	41006	1	0.016618
7	41006	2	0.039533
7	41006	3	0.071476
7	41006	4	0.120750
7	41085	0	0.279530
7	41085	1	0.279614
7	41085	2	0.279768
7	41085	3	0.280065
7	41085	4	0.280405
7	41096	0	0.434540
7	41096	1	0.434659
7	41096	2	0.434886
7	41096	3	0.435353
7	41096	4	0.435879
7	43051	0	0.001339
7	43051	1	0.268021
7	43051	2	0.268156
7	43051	3	0.268427
7	43051	4	0.268764
7	51084	0	0.001323
7	51084	1	0.006664
7	51084	2	0.016930
7	51084	3	0.036171
7	51084	4	0.060346
7	64061	0	0.161279
7	64061	1	0.161320
7	64061	2	0.161399
7	64061	3	0.161557
7	64061	4	0.161761
7	69022	0	0.387115
7	69022	1	0.387170
7	69022	2	0.387267
7	69022	3	0.387461
7	69022	4	0.387675
7	70011	0	0.003623
7	70011	1	0.018865
7	70011	2	0.049772
7	70011	3	0.099342
7	70011	4	0.155503
7	70090	0	0.000494
7	70090	1	0.003181
7	70090	2	0.007511
7	70090	3	0.016511
7	70090	4	0.026211
7	100007	0	0.003249
7	100007	1	0.016493
7	100007	2	0.042109
7	100007	3	0.095975
7	100007	4	0.950441
7	100080	0	0.325652
7	100080	1	0.325696
7	100080	2	0.325781
7	100080	3	0.325950
7	100080	4	0.326166
7	103006	0	0.440099
7	103006	1	0.003941
7	103006	2	0.010142
7	103006	3	0.021934
7	103006	4	0.036114
7	103078	0	0.000919
7	103078	1	0.004677
7	103078	2	0.011880
7	103078	3	0.024875
7	103078	4	0.040794
7	105027	0	0.000695
7	105027	1	0.003886
7	105027	2	0.009618
7	105027	3	0.020506
7	105027	4	0.034572
7	135037	0	0.139904
7	135037	1	0.011978
7	135037	2	0.029479
7	135037	3	0.076277
7	135037	4	0.914638
7	173036	0	0.000835
7	173036	1	0.004539
7	173036	2	0.011812
7	173036	3	0.024568
7	173036	4	0.040525
7	209070	0	0.000572
7	209070	1	0.003099
7	209070	2	0.007973
7	209070	3	0.017489
7	209070	4	0.028186
7	236017	0	0.001313
7	236017	1	0.006913
7	236017	2	0.017440
7	236017	3	0.038149
7	236017	4	0.062908
7	268002	0	0.002533
7	268002	1	0.014479
7	268002	2	0.037020
7	268002	3	0.070218
7	268002	4	0.111674
7	326038	0	0.223082
7	326038	1	0.223133
7	326038	2	0.223231
7	326038	3	0.223416
7	326038	4	0.223656
8	3063	0	0.980963
8	3063	1	0.981395
8	3063	2	0.981396
8	3063	3	0.981357
8	3063	4	0.981265
8	6046	0	0.003020
8	6046	1	0.016099
8	6046	2	0.040840
8	6046	3	0.086013
8	6046	4	0.139920
8	8068	0	0.002021
8	8068	1	0.019564
8	8068	2	0.907933
8	8068	3	0.913260
8	8068	4	0.915160
8	12003	0	0.002949
8	12003	1	0.015447
8	12003	2	0.967970
8	12003	3	0.969505
8	12003	4	0.970401
8	16052	0	0.003550
8	16052	1	0.019371
8	16052	2	0.047722
8	16052	3	0.097427
8	16052	4	0.156563
8	41006	0	0.006264
8	41006	1	0.034414
8	41006	2	0.082869
8	41006	3	0.167471
8	41006	4	0.261069
8	41085	0	0.004137
8	41085	1	0.023013
8	41085	2	0.058054
8	41085	3	0.118309
8	41085	4	0.189302
8	41096	0	0.003215
8	41096	1	0.017027
8	41096	2	0.042831
8	41096	3	0.089173
8	41096	4	0.143024
8	43051	0	0.004344
8	43051	1	0.022514
8	43051	2	0.392796
8	43051	3	0.502580
8	43051	4	0.538424
8	51084	0	0.004558
8	51084	1	0.024328
8	51084	2	0.061018
8	51084	3	0.951889
8	51084	4	0.951576
8	64061	0	0.009699
8	64061	1	0.051644
8	64061	2	0.217965
8	64061	3	0.448684
8	64061	4	0.529143
8	69022	0	0.002533
8	69022	1	0.013081
8	69022	2	0.033169
8	69022	3	0.072599
8	69022	4	0.119032
8	70011	0	0.006030
8	70011	1	0.034185
8	70011	2	0.080685
8	70011	3	0.159167
8	70011	4	0.247206
8	70090	0	0.001301
8	70090	1	0.007288
8	70090	2	0.017655
8	70090	3	0.037666
8	70090	4	0.062142
8	100007	0	0.010430
8	100007	1	0.050704
8	100007	2	0.951430
8	100007	3	0.952051
8	100007	4	0.951667
8	100080	0	0.004850
8	100080	1	0.026740
8	100080	2	0.066426
8	100080	3	0.896622
8	100080	4	0.898251
8	103006	0	0.002660
8	103006	1	0.013544
8	103006	2	0.035843
8	103006	3	0.076181
8	103006	4	0.124533
8	103078	0	0.004220
8	103078	1	0.023797
8	103078	2	0.058265
8	103078	3	0.121068
8	103078	4	0.194740
8	105027	0	0.004024
8	105027	1	0.021867
8	105027	2	0.054502
8	105027	3	0.113735
8	105027	4	0.207484
8	135037	0	0.006009
8	135037	1	0.031512
8	135037	2	0.912007
8	135037	3	0.915138
8	135037	4	0.920774
8	173036	0	0.003984
8	173036	1	0.021855
8	173036	2	0.055330
8	173036	3	0.114488
8	173036	4	0.181474
8	209070	0	0.005214
8	209070	1	0.027308
8	209070	2	0.067834
8	209070	3	0.140561
8	209070	4	0.259010
8	236017	0	0.004807
8	236017	1	0.025368
8	236017	2	0.063504
8	236017	3	0.130232
8	236017	4	0.207532
8	268002	0	0.008521
8	268002	1	0.046130
8	268002	2	0.205418
8	268002	3	0.294377
8	268002	4	0.393864
8	326038	0	0.006787
8	326038	1	0.035769
8	326038	2	0.088628
8	326038	3	0.177465
8	326038	4	0.271084
9	3063	0	0.269816
9	3063	1	0.269864
9	3063	2	0.981028
9	3063	3	0.980989
9	3063	4	0.980867
9	6046	0	0.000554
9	6046	1	0.002893
9	6046	2	0.007512
9	6046	3	0.015970
9	6046	4	0.026092
9	8068	0	0.000714
9	8068	1	0.003802
9	8068	2	0.019214
9	8068	3	0.029661
9	8068	4	0.042103
9	12003	0	0.000701
9	12003	1	0.003697
9	12003	2	0.009317
9	12003	3	0.020706
9	12003	4	0.035305
9	16052	0	0.000711
9	16052	1	0.003993
9	16052	2	0.009733
9	16052	3	0.021637
9	16052	4	0.035546
9	41006	0	0.001628
9	41006	1	0.008457
9	41006	2	0.022313
9	41006	3	0.044167
9	41006	4	0.072301
9	41085	0	0.000877
9	41085	1	0.005169
9	41085	2	0.012676
9	41085	3	0.027599
9	41085	4	0.045198
9	41096	0	0.000560
9	41096	1	0.002796
9	41096	2	0.007347
9	41096	3	0.016064
9	41096	4	0.026343
9	43051	0	0.267957
9	43051	1	0.268023
9	43051	2	0.268158
9	43051	3	0.268422
9	43051	4	0.268760
9	51084	0	0.000662
9	51084	1	0.003305
9	51084	2	0.008634
9	51084	3	0.018291
9	51084	4	0.029691
9	64061	0	0.001328
9	64061	1	0.006917
9	64061	2	0.018292
9	64061	3	0.039522
9	64061	4	0.065014
9	69022	0	0.387155
9	69022	1	0.387266
9	69022	2	0.387477
9	69022	3	0.387919
9	69022	4	0.388437
9	70011	0	0.003623
9	70011	1	0.019763
9	70011	2	0.048392
9	70011	3	0.109859
9	70011	4	0.155898
9	70090	0	0.000673
9	70090	1	0.003673
9	70090	2	0.009247
9	70090	3	0.020607
9	70090	4	0.032789
9	100007	0	0.001806
9	100007	1	0.008636
9	100007	2	0.021436
9	100007	3	0.047125
9	100007	4	0.073318
9	100080	0	0.000732
9	100080	1	0.004121
9	100080	2	0.010468
9	100080	3	0.022196
9	100080	4	0.038154
9	103006	0	0.440094
9	103006	1	0.003209
9	103006	2	0.008276
9	103006	3	0.018289
9	103006	4	0.030030
9	103078	0	0.000919
9	103078	1	0.004952
9	103078	2	0.013058
9	103078	3	0.026930
9	103078	4	0.045081
9	105027	0	0.314116
9	105027	1	0.314206
9	105027	2	0.011956
9	105027	3	0.024720
9	105027	4	0.041197
9	135037	0	0.001549
9	135037	1	0.009257
9	135037	2	0.027181
9	135037	3	0.057047
9	135037	4	0.185641
9	173036	0	0.000928
9	173036	1	0.005186
9	173036	2	0.013831
9	173036	3	0.029096
9	173036	4	0.046609
9	209070	0	0.001306
9	209070	1	0.007325
9	209070	2	0.018369
9	209070	3	0.038599
9	209070	4	0.063927
9	236017	0	0.301364
9	236017	1	0.301451
9	236017	2	0.301618
9	236017	3	0.301952
9	236017	4	0.302366
9	268002	0	0.002217
9	268002	1	0.013854
9	268002	2	0.031211
9	268002	3	0.068279
9	268002	4	0.107362
9	326038	0	0.001444
9	326038	1	0.008221
9	326038	2	0.021638
9	326038	3	0.044783
9	326038	4	0.072270
10	3063	0	0.980942
10	3063	1	0.980942
10	3063	2	0.980942
10	3063	3	0.980641
10	3063	4	0.980536
10	6046	0	0.004336
10	6046	1	0.467493
10	6046	2	0.469360
10	6046	3	0.472894
10	6046	4	0.477096
10	8068	0	0.004039
10	8068	1	0.910636
10	8068	2	0.911883
10	8068	3	0.919688
10	8068	4	0.922963
10	12003	0	0.005093
10	12003	1	0.966462
10	12003	2	0.966771
10	12003	3	0.967096
10	12003	4	0.968064
10	16052	0	0.006470
10	16052	1	0.034257
10	16052	2	0.087326
10	16052	3	0.182450
10	16052	4	0.291281
10	41006	0	0.008227
10	41006	1	0.045682
10	41006	2	0.112183
10	41006	3	0.213559
10	41006	4	0.331563
10	41085	0	0.010470
10	41085	1	0.059115
10	41085	2	0.140962
10	41085	3	0.281741
10	41085	4	0.420055
10	41096	0	0.434752
10	41096	1	0.435737
10	41096	2	0.437709
10	41096	3	0.441754
10	41096	4	0.446980
10	43051	0	0.005428
10	43051	1	0.030184
10	43051	2	0.430981
10	43051	3	0.535557
10	43051	4	0.581498
10	51084	0	0.004492
10	51084	1	0.023423
10	51084	2	0.061271
10	51084	3	0.952351
10	51084	4	0.952513
10	64061	0	0.006624
10	64061	1	0.035113
10	64061	2	0.173129
10	64061	3	0.246382
10	64061	4	0.331593
10	69022	0	0.004738
10	69022	1	0.025468
10	69022	2	0.064196
10	69022	3	0.135299
10	69022	4	0.307415
10	70011	0	0.005729
10	70011	1	0.032719
10	70011	2	0.083176
10	70011	3	0.166320
10	70011	4	0.254876
10	70090	0	0.005237
10	70090	1	0.028664
10	70090	2	0.073028
10	70090	3	0.151361
10	70090	4	0.237419
10	100007	0	0.011858
10	100007	1	0.950087
10	100007	2	0.950087
10	100007	3	0.951130
10	100007	4	0.950982
10	100080	0	0.004850
10	100080	1	0.026939
10	100080	2	0.068937
10	100080	3	0.897685
10	100080	4	0.899923
10	103006	0	0.004078
10	103006	1	0.021844
10	103006	2	0.054620
10	103006	3	0.113022
10	103006	4	0.181784
10	103078	0	0.009242
10	103078	1	0.050450
10	103078	2	0.123593
10	103078	3	0.254283
10	103078	4	0.382294
10	105027	0	0.007136
10	105027	1	0.038860
10	105027	2	0.098933
10	105027	3	0.201488
10	105027	4	0.299693
10	135037	0	0.004124
10	135037	1	0.020791
10	135037	2	0.867622
10	135037	3	0.891254
10	135037	4	0.894122
10	173036	0	0.005740
10	173036	1	0.033683
10	173036	2	0.082176
10	173036	3	0.162552
10	173036	4	0.251004
10	209070	0	0.009835
10	209070	1	0.054660
10	209070	2	0.182290
10	209070	3	0.325105
10	209070	4	0.425886
10	236017	0	0.004298
10	236017	1	0.022523
10	236017	2	0.056610
10	236017	3	0.124406
10	236017	4	0.193449
10	268002	0	0.013541
10	268002	1	0.073011
10	268002	2	0.229333
10	268002	3	0.422203
10	268002	4	0.543980
10	326038	0	0.010775
10	326038	1	0.060145
10	326038	2	0.146034
10	326038	3	0.278145
10	326038	4	0.409169
11	3063	0	0.001992
11	3063	1	0.980942
11	3063	2	0.980987
11	3063	3	0.981444
11	3063	4	0.981287
11	6046	0	0.001703
11	6046	1	0.008991
11	6046	2	0.022782
11	6046	3	0.049592
11	6046	4	0.081005
11	8068	0	0.001368
11	8068	1	0.016234
11	8068	2	0.026426
11	8068	3	0.047344
11	8068	4	0.912053
11	12003	0	0.001401
11	12003	1	0.007281
11	12003	2	0.018301
11	12003	3	0.966567
11	12003	4	0.968247
11	16052	0	0.001954
11	16052	1	0.010876
11	16052	2	0.027533
11	16052	3	0.057256
11	16052	4	0.094601
11	41006	0	0.002905
11	41006	1	0.015933
11	41006	2	0.038235
11	41006	3	0.078633
11	41006	4	0.127798
11	41085	0	0.001991
11	41085	1	0.010864
11	41085	2	0.026669
11	41085	3	0.058364
11	41085	4	0.094500
11	41096	0	0.434569
11	41096	1	0.434809
11	41096	2	0.435275
11	41096	3	0.436203
11	41096	4	0.437343
11	43051	0	0.001757
11	43051	1	0.009251
11	43051	2	0.024227
11	43051	3	0.049270
11	43051	4	0.082192
11	51084	0	0.001786
11	51084	1	0.009160
11	51084	2	0.024064
11	51084	3	0.050912
11	51084	4	0.081776
11	64061	0	0.002213
11	64061	1	0.012183
11	64061	2	0.030684
11	64061	3	0.066119
11	64061	4	0.183035
11	69022	0	0.001456
11	69022	1	0.007420
11	69022	2	0.019876
11	69022	3	0.042723
11	69022	4	0.069881
11	70011	0	0.005429
11	70011	1	0.027736
11	70011	2	0.066657
11	70011	3	0.140188
11	70011	4	0.232478
11	70090	0	0.001166
11	70090	1	0.006218
11	70090	2	0.016377
11	70090	3	0.033603
11	70090	4	0.056363
11	100007	0	0.005049
11	100007	1	0.024991
11	100007	2	0.067016
11	100007	3	0.950110
11	100007	4	0.949763
11	100080	0	0.001464
11	100080	1	0.008357
11	100080	2	0.020501
11	100080	3	0.045432
11	100080	4	0.073026
11	103006	0	0.440136
11	103006	1	0.440446
11	103006	2	0.441060
11	103006	3	0.442207
11	103006	4	0.443631
11	103078	0	0.002937
11	103078	1	0.015414
11	103078	2	0.040427
11	103078	3	0.084448
11	103078	4	0.137401
11	105027	0	0.002638
11	105027	1	0.014420
11	105027	2	0.035625
11	105027	3	0.076741
11	105027	4	0.123970
11	135037	0	0.002751
11	135037	1	0.014698
11	135037	2	0.036843
11	135037	3	0.909592
11	135037	4	0.911014
11	173036	0	0.001576
11	173036	1	0.008681
11	173036	2	0.020654
11	173036	3	0.045321
11	173036	4	0.072124
11	209070	0	0.001795
11	209070	1	0.009916
11	209070	2	0.025165
11	209070	3	0.054275
11	209070	4	0.088351
11	236017	0	0.002407
11	236017	1	0.012913
11	236017	2	0.031964
11	236017	3	0.068186
11	236017	4	0.110603
11	268002	0	0.003474
11	268002	1	0.017239
11	268002	2	0.046275
11	268002	3	0.182206
11	268002	4	0.223145
11	326038	0	0.002576
11	326038	1	0.014545
11	326038	2	0.037661
11	326038	3	0.077846
11	326038	4	0.127577
12	3063	0	0.980903
12	3063	1	0.981015
12	3063	2	0.981378
12	3063	3	0.980667
12	3063	4	0.980521
12	6046	0	0.466381
12	6046	1	0.466685
12	6046	2	0.467279
12	6046	3	0.468426
12	6046	4	0.469814
12	8068	0	0.357594
12	8068	1	0.908081
12	8068	2	0.920089
12	8068	3	0.923145
12	8068	4	0.926914
12	12003	0	0.411216
12	12003	1	0.411440
12	12003	2	0.411894
12	12003	3	0.412813
12	12003	4	0.967688
12	16052	0	0.002930
12	16052	1	0.015788
12	16052	2	0.040162
12	16052	3	0.087226
12	16052	4	0.139539
12	41006	0	0.200370
12	41006	1	0.200698
12	41006	2	0.201287
12	41006	3	0.202491
12	41006	4	0.203985
12	41085	0	0.003184
12	41085	1	0.017780
12	41085	2	0.044280
12	41085	3	0.090297
12	41085	4	0.144402
12	41096	0	0.434578
12	41096	1	0.434849
12	41096	2	0.435392
12	41096	3	0.436445
12	41096	4	0.437843
12	43051	0	0.267985
12	43051	1	0.268216
12	43051	2	0.268663
12	43051	3	0.269533
12	43051	4	0.270676
12	51084	0	0.327321
12	51084	1	0.327619
12	51084	2	0.328141
12	51084	3	0.329181
12	51084	4	0.948400
12	64061	0	0.005302
12	64061	1	0.028515
12	64061	2	0.152215
12	64061	3	0.218184
12	64061	4	0.399953
12	69022	0	0.387274
12	69022	1	0.387916
12	69022	2	0.389193
12	69022	3	0.391732
12	69022	4	0.179407
12	70011	0	0.006327
12	70011	1	0.034165
12	70011	2	0.088915
12	70011	3	0.182840
12	70011	4	0.276532
12	70090	0	0.448099
12	70090	1	0.018098
12	70090	2	0.449709
12	70090	3	0.451879
12	70090	4	0.454594
12	100007	0	0.069193
12	100007	1	0.950175
12	100007	2	0.950561
12	100007	3	0.951096
12	100007	4	0.950055
12	100080	0	0.003656
12	100080	1	0.020235
12	100080	2	0.052007
12	100080	3	0.105890
12	100080	4	0.902641
12	103006	0	0.440152
12	103006	1	0.440528
12	103006	2	0.441289
12	103006	3	0.442738
12	103006	4	0.444586
12	103078	0	0.247045
12	103078	1	0.247248
12	103078	2	0.247649
12	103078	3	0.248438
12	103078	4	0.249465
12	105027	0	0.314166
12	105027	1	0.314455
12	105027	2	0.315059
12	105027	3	0.316197
12	105027	4	0.317621
12	135037	0	0.005661
12	135037	1	0.150500
12	135037	2	0.180472
12	135037	3	0.915783
12	135037	4	0.920298
12	173036	0	0.003707
12	173036	1	0.019673
12	173036	2	0.050314
12	173036	3	0.102530
12	173036	4	0.163887
12	209070	0	0.273765
12	209070	1	0.273864
12	209070	2	0.274070
12	209070	3	0.274469
12	209070	4	0.274973
12	236017	0	0.301421
12	236017	1	0.301739
12	236017	2	0.302369
12	236017	3	0.303633
12	236017	4	0.305162
12	268002	0	0.007264
12	268002	1	0.040068
12	268002	2	0.101068
12	268002	3	0.201422
12	268002	4	0.304772
12	326038	0	0.223138
12	326038	1	0.223433
12	326038	2	0.224039
12	326038	3	0.225130
12	326038	4	0.226567
13	3063	0	0.981112
13	3063	1	0.981593
13	3063	2	0.981878
13	3063	3	0.982284
13	3063	4	0.982669
13	6046	0	0.006074
13	6046	1	0.032481
13	6046	2	0.081958
13	6046	3	0.172395
13	6046	4	0.885829
13	8068	0	0.018747
13	8068	1	0.910885
13	8068	2	0.918393
13	8068	3	0.922612
13	8068	4	0.926715
13	12003	0	0.007530
13	12003	1	0.966434
13	12003	2	0.966434
13	12003	3	0.966514
13	12003	4	0.967754
13	16052	0	0.006645
13	16052	1	0.036307
13	16052	2	0.090141
13	16052	3	0.180010
13	16052	4	0.285899
13	41006	0	0.014549
13	41006	1	0.078718
13	41006	2	0.204432
13	41006	3	0.362217
13	41006	4	0.771381
13	41085	0	0.007862
13	41085	1	0.043446
13	41085	2	0.106439
13	41085	3	0.216693
13	41085	4	0.335611
13	41096	0	0.006234
13	41096	1	0.034264
13	41096	2	0.084736
13	41096	3	0.175754
13	41096	4	0.272202
13	43051	0	0.009334
13	43051	1	0.393257
13	43051	2	0.514546
13	43051	3	0.757738
13	43051	4	0.769568
13	51084	0	0.007913
13	51084	1	0.041237
13	51084	2	0.949781
13	51084	3	0.949823
13	51084	4	0.949636
13	64061	0	0.010723
13	64061	1	0.059325
13	64061	2	0.215985
13	64061	3	0.446833
13	64061	4	0.546278
13	69022	0	0.005650
13	69022	1	0.028932
13	69022	2	0.075142
13	69022	3	0.156638
13	69022	4	0.249858
13	70011	0	0.018274
13	70011	1	0.087007
13	70011	2	0.210256
13	70011	3	0.645370
13	70011	4	0.807575
13	70090	0	0.005638
13	70090	1	0.030840
13	70090	2	0.076890
13	70090	3	0.160960
13	70090	4	0.251225
13	100007	0	0.021105
13	100007	1	0.952390
13	100007	2	0.952695
13	100007	3	0.953444
13	100007	4	0.953664
13	100080	0	0.006770
13	100080	1	0.036486
13	100080	2	0.089941
13	100080	3	0.897554
13	100080	4	0.898515
13	103006	0	0.440282
13	103006	1	0.441307
13	103006	2	0.443330
13	103006	3	0.447290
13	103006	4	0.452178
13	103078	0	0.007875
13	103078	1	0.042909
13	103078	2	0.104713
13	103078	3	0.218976
13	103078	4	0.341252
13	105027	0	0.007757
13	105027	1	0.041397
13	105027	2	0.105007
13	105027	3	0.217679
13	105027	4	0.326064
13	135037	0	0.016382
13	135037	1	0.926115
13	135037	2	0.936784
13	135037	3	0.933838
13	135037	4	0.931499
13	173036	0	0.009977
13	173036	1	0.053847
13	173036	2	0.130261
13	173036	3	0.253896
13	173036	4	0.382899
13	209070	0	0.007487
13	209070	1	0.038606
13	209070	2	0.150443
13	209070	3	0.241364
13	209070	4	0.362790
13	236017	0	0.010098
13	236017	1	0.051982
13	236017	2	0.131670
13	236017	3	0.279647
13	236017	4	0.408283
13	268002	0	0.021950
13	268002	1	0.129004
13	268002	2	0.367660
13	268002	3	0.536948
13	268002	4	0.668111
13	326038	0	0.012612
13	326038	1	0.070863
13	326038	2	0.171744
13	326038	3	0.325913
13	326038	4	0.503078
14	3063	0	0.002075
14	3063	1	0.981417
14	3063	2	0.981530
14	3063	3	0.981514
14	3063	4	0.981414
14	6046	0	0.000894
14	6046	1	0.004718
14	6046	2	0.012153
14	6046	3	0.026565
14	6046	4	0.043787
14	8068	0	0.001071
14	8068	1	0.005638
14	8068	2	0.023814
14	8068	3	0.039596
14	8068	4	0.908470
14	12003	0	0.000701
14	12003	1	0.003548
14	12003	2	0.009317
14	12003	3	0.020363
14	12003	4	0.034774
14	16052	0	0.001954
14	16052	1	0.010877
14	16052	2	0.026234
14	16052	3	0.057232
14	16052	4	0.092422
14	41006	0	0.003601
14	41006	1	0.017301
14	41006	2	0.041882
14	41006	3	0.082589
14	41006	4	0.152465
14	41085	0	0.001195
14	41085	1	0.006675
14	41085	2	0.017310
14	41085	3	0.036631
14	41085	4	0.060533
14	41096	0	0.001119
14	41096	1	0.006049
14	41096	2	0.015375
14	41096	3	0.033408
14	41096	4	0.054034
14	43051	0	0.001840
14	43051	1	0.009665
14	43051	2	0.024065
14	43051	3	0.380114
14	43051	4	0.396666
14	51084	0	0.001654
14	51084	1	0.008767
14	51084	2	0.022647
14	51084	3	0.047288
14	51084	4	0.076647
14	64061	0	0.002655
14	64061	1	0.014078
14	64061	2	0.034828
14	64061	3	0.073511
14	64061	4	0.193308
14	69022	0	0.000917
14	69022	1	0.004738
14	69022	2	0.012336
14	69022	3	0.026361
14	69022	4	0.044688
14	70011	0	0.005128
14	70011	1	0.029206
14	70011	2	0.074807
14	70011	3	0.146874
14	70011	4	0.229827
14	70090	0	0.001345
14	70090	1	0.007244
14	70090	2	0.018760
14	70090	3	0.038930
14	70090	4	0.062879
14	100007	0	0.004689
14	100007	1	0.023933
14	100007	2	0.061328
14	100007	3	0.953348
14	100007	4	0.952129
14	100080	0	0.001065
14	100080	1	0.006108
14	100080	2	0.015398
14	100080	3	0.032755
14	100080	4	0.053725
14	103006	0	0.001056
14	103006	1	0.005860
14	103006	2	0.014948
14	103006	3	0.031763
14	103006	4	0.052352
14	103078	0	0.001286
14	103078	1	0.007236
14	103078	2	0.018128
14	103078	3	0.038410
14	103078	4	0.064241
14	105027	0	0.001528
14	105027	1	0.007549
14	105027	2	0.020094
14	105027	3	0.042309
14	105027	4	0.069523
14	135037	0	0.004125
14	135037	1	0.021123
14	135037	2	0.051896
14	135037	3	0.926184
14	135037	4	0.924974
14	173036	0	0.001484
14	173036	1	0.008229
14	173036	2	0.021673
14	173036	3	0.044299
14	173036	4	0.073312
14	209070	0	0.001224
14	209070	1	0.006838
14	209070	2	0.017167
14	209070	3	0.035038
14	209070	4	0.055292
14	236017	0	0.001605
14	236017	1	0.008651
14	236017	2	0.021660
14	236017	3	0.045754
14	236017	4	0.073048
14	268002	0	0.005060
14	268002	1	0.027209
14	268002	2	0.068849
14	268002	3	0.132231
14	268002	4	0.206770
14	326038	0	0.002062
14	326038	1	0.010674
14	326038	2	0.029181
14	326038	3	0.060730
14	326038	4	0.101009
